<?xml version="1.0" standalone="no"?>
<!DOCTYPE svg PUBLIC "-//W3C//DTD SVG 20010904//EN"
 "http://www.w3.org/TR/2001/REC-SVG-20010904/DTD/svg10.dtd">
<svg version="1.0" xmlns="http://www.w3.org/2000/svg"
 width="512.000000pt" height="512.000000pt" viewBox="0 0 512.000000 512.000000"
 preserveAspectRatio="xMidYMid meet">

<g transform="translate(0.000000,512.000000) scale(0.100000,-0.100000)"
fill="#000000" stroke="none">
<path d="M583 5105 c-159 -43 -285 -162 -335 -318 -18 -53 -21 -97 -25 -307
-5 -274 1 -317 48 -334 35 -12 76 -1 91 27 9 16 14 100 18 297 l5 275 30 54
c33 60 86 109 154 143 l46 23 1155 0 1155 0 46 -23 c68 -34 121 -83 154 -143
l30 -54 3 -212 3 -213 -49 0 -50 0 -4 188 c-5 205 -12 235 -75 294 -56 54 -81
58 -340 58 -303 0 -298 2 -352 -162 l-23 -68 -498 0 -498 0 -23 68 c-31 95
-45 120 -82 142 -29 18 -51 20 -272 20 -212 0 -245 -3 -281 -19 -50 -23 -111
-93 -121 -140 -10 -47 -10 -4235 0 -4282 10 -47 71 -117 121 -140 39 -18 94
-19 1154 -19 1218 0 1151 -3 1215 58 63 59 71 91 72 263 0 140 -2 159 -19 178
-26 29 -86 29 -112 0 -16 -18 -19 -41 -23 -170 -3 -139 -5 -150 -24 -164 -19
-13 -165 -15 -1107 -15 -966 0 -1088 2 -1108 16 l-22 15 0 2119 0 2119 22 15
c19 13 58 16 224 16 l202 0 28 -82 c30 -91 63 -131 115 -142 41 -8 1037 -8
1078 0 52 11 85 51 115 142 l28 82 202 0 c166 0 205 -3 224 -16 21 -15 22 -20
22 -195 l0 -179 -897 0 c-881 0 -897 0 -939 -20 -56 -28 -107 -78 -135 -137
l-24 -48 0 -1065 0 -1065 23 -46 c29 -59 82 -112 141 -141 l46 -23 892 -3 892
-3 3 -368 c3 -346 4 -370 22 -390 26 -29 86 -29 112 0 18 20 19 44 22 390 l3
369 50 0 50 0 -3 -698 -3 -697 -30 -54 c-33 -60 -86 -109 -154 -143 l-46 -23
-1155 0 -1155 0 -46 23 c-68 34 -121 83 -154 143 l-30 54 -5 1756 c-5 1710 -6
1757 -24 1778 -26 29 -86 29 -112 0 -19 -21 -19 -64 -19 -1758 0 -1665 1
-1739 19 -1804 33 -121 128 -237 238 -293 108 -55 82 -54 1284 -54 715 0 1130
4 1165 10 165 31 306 157 362 323 21 60 21 81 25 749 l3 687 682 3 c670 3 683
3 728 24 56 26 111 82 141 143 l23 46 3 1014 c2 619 -1 1041 -7 1084 -12 87
-54 154 -126 200 l-49 32 -256 3 c-251 3 -255 3 -272 -19 -23 -28 -23 -71 1
-100 19 -24 22 -24 256 -29 l237 -5 29 -33 29 -32 0 -1050 0 -1050 -28 -30
c-16 -19 -43 -35 -67 -40 -53 -13 -3437 -13 -3490 0 -24 5 -51 21 -67 40 -25
27 -28 38 -28 105 l0 74 448 3 447 3 50 25 c64 32 131 99 158 158 31 71 35
191 8 263 -42 111 -134 186 -256 208 -36 7 -212 11 -457 11 l-398 0 0 640 0
640 29 32 29 33 1400 5 c1359 5 1401 6 1421 24 27 25 29 86 3 109 -16 15 -53
17 -319 17 l-300 0 -6 203 c-4 163 -9 214 -25 264 -50 157 -176 276 -339 318
-83 22 -2290 21 -2370 0z m1360 -2459 c60 -30 91 -77 95 -150 5 -81 -25 -140
-88 -173 -43 -23 -44 -23 -467 -23 l-423 0 0 185 0 186 423 -3 c390 -3 425 -4
460 -22z"/>
<path d="M1419 3913 c-15 -9 -35 -30 -45 -47 -17 -28 -19 -54 -19 -266 0 -261
3 -277 69 -316 29 -18 56 -19 376 -19 473 0 445 -21 445 335 0 213 -2 238 -19
266 -39 64 -37 64 -428 64 -309 0 -356 -3 -379 -17z m671 -318 l0 -185 -290 0
-290 0 0 185 0 185 290 0 290 0 0 -185z"/>
<path d="M2760 3730 c-17 -17 -20 -33 -20 -110 0 -104 15 -130 73 -130 60 0
77 30 77 133 0 60 -4 79 -21 101 -26 33 -79 36 -109 6z"/>
<path d="M3150 3730 c-17 -17 -20 -33 -20 -108 0 -108 13 -132 70 -132 60 0
80 32 80 130 0 63 -4 82 -21 104 -26 33 -79 36 -109 6z"/>
<path d="M3431 3724 c-17 -22 -21 -41 -21 -108 1 -87 10 -109 51 -125 30 -11
83 8 93 34 3 9 6 55 6 101 0 71 -3 87 -20 104 -30 30 -83 27 -109 -6z"/>
<path d="M4000 3730 c-17 -17 -20 -33 -20 -113 0 -81 3 -96 20 -112 28 -25 76
-23 103 4 19 19 22 32 22 110 0 73 -3 93 -19 110 -25 27 -79 28 -106 1z"/>
<path d="M4264 3729 c-16 -17 -19 -37 -19 -109 0 -105 14 -130 76 -130 56 0
69 24 69 132 0 75 -3 91 -20 108 -27 27 -81 26 -106 -1z"/>
<path d="M3050 2838 c-49 -26 -50 -40 -48 -371 l3 -309 24 -19 c30 -25 76 -24
101 1 17 17 20 33 20 125 l0 105 64 0 c109 0 187 39 231 115 32 54 42 130 25
190 -16 58 -78 128 -132 150 -57 23 -252 32 -288 13z m225 -152 c62 -26 74
-89 26 -137 -26 -26 -36 -29 -90 -29 l-61 0 0 83 c0 46 3 87 7 90 11 12 82 8
118 -7z"/>
<path d="M3690 2832 c-34 -16 -39 -27 -154 -328 -111 -294 -117 -314 -105
-340 17 -35 59 -52 97 -38 21 7 32 23 51 72 l25 63 124 -3 124 -3 18 -49 c25
-65 46 -86 86 -86 35 0 74 37 74 70 0 34 -222 605 -243 626 -32 32 -58 36 -97
16z m69 -333 c17 -45 30 -84 27 -86 -2 -2 -31 -3 -63 -1 l-60 3 31 82 c17 46
32 83 33 83 1 0 15 -37 32 -81z"/>
<path d="M4024 2840 c-26 -10 -54 -48 -54 -71 0 -9 43 -82 95 -163 l95 -146 0
-150 c0 -137 2 -152 20 -170 25 -25 71 -26 101 -1 23 18 24 25 27 177 l3 157
90 137 c51 79 89 147 89 162 0 48 -76 87 -116 60 -6 -4 -40 -51 -77 -106 l-65
-98 -71 106 c-39 58 -75 106 -80 106 -5 0 -15 2 -23 4 -7 3 -23 1 -34 -4z"/>
<path d="M1271 1453 c-61 -22 -133 -96 -154 -158 -38 -110 -13 -230 63 -306
83 -83 88 -84 590 -84 401 0 439 1 489 19 189 65 245 323 101 466 -79 80 -78
80 -594 79 -383 0 -458 -3 -495 -16z m959 -149 c38 -23 60 -64 60 -114 0 -51
-22 -91 -64 -116 -29 -18 -57 -19 -451 -19 -333 0 -427 3 -452 14 -91 38 -98
189 -11 237 18 10 123 13 456 14 384 0 437 -2 462 -16z"/>
</g>
</svg>
