<?xml version="1.0" standalone="no"?>
<!DOCTYPE svg PUBLIC "-//W3C//DTD SVG 20010904//EN"
 "http://www.w3.org/TR/2001/REC-SVG-20010904/DTD/svg10.dtd">
<svg version="1.0" xmlns="http://www.w3.org/2000/svg"
 width="16.000000pt" height="16.000000pt" viewBox="0 0 16.000000 16.000000"
 preserveAspectRatio="xMidYMid meet">

<g transform="translate(0.000000,16.000000) scale(0.100000,-0.100000)"
fill="#000000" stroke="none">
<path d="M90 140 c12 -8 12 -10 -3 -16 -10 -3 -17 -17 -17 -31 0 -16 -7 -27
-19 -30 -13 -3 -17 -11 -13 -25 4 -15 1 -19 -9 -16 -8 3 -13 17 -12 32 1 14
-2 24 -8 21 -13 -9 -11 -39 3 -53 20 -20 47 -15 41 7 -3 10 0 22 6 25 7 4 11
-1 11 -12 0 -20 18 -32 46 -32 9 0 12 5 9 10 -4 6 -4 19 0 28 7 14 9 13 15 -8
l8 -25 1 26 c1 15 -6 32 -14 39 -8 7 -15 20 -15 29 0 19 -19 41 -34 41 -6 0
-4 -4 4 -10z m18 -35 c-3 -13 -1 -23 5 -22 5 1 12 -4 14 -10 3 -7 -2 -13 -10
-13 -11 0 -13 -7 -10 -21 4 -16 2 -20 -8 -17 -25 8 -18 108 8 108 3 0 3 -11 1
-25z"/>
<path d="M40 121 c0 -25 6 -27 13 -6 4 8 2 17 -3 20 -6 4 -10 -3 -10 -14z"/>
<path d="M38 83 c7 -3 16 -2 19 1 4 3 -2 6 -13 5 -11 0 -14 -3 -6 -6z"/>
</g>
</svg>
