<?xml version="1.0" standalone="no"?>
<!DOCTYPE svg PUBLIC "-//W3C//DTD SVG 20010904//EN"
 "http://www.w3.org/TR/2001/REC-SVG-20010904/DTD/svg10.dtd">
<svg version="1.0" xmlns="http://www.w3.org/2000/svg"
 width="512.000000pt" height="512.000000pt" viewBox="0 0 512.000000 512.000000"
 preserveAspectRatio="xMidYMid meet">

<g transform="translate(0.000000,512.000000) scale(0.100000,-0.100000)"
fill="#000000" stroke="none">
<path d="M316 5109 c-113 -27 -224 -121 -279 -237 l-32 -67 0 -2246 0 -2245
37 -75 c46 -93 112 -158 206 -202 l67 -32 2246 0 2245 0 75 37 c93 46 158 112
202 206 l32 67 0 2245 0 2245 -32 67 c-56 119 -154 201 -277 234 -42 11 -417
14 -2251 13 -1286 -1 -2216 -5 -2239 -10z m4452 -287 c13 -7 32 -28 42 -45 20
-31 20 -71 20 -2225 l0 -2194 -34 -34 -34 -34 -1031 0 -1031 0 0 2268 c0 1248
3 2272 7 2276 4 3 464 5 1022 4 817 -2 1021 -6 1039 -16z m-2350 -2264 l-3
-2273 -975 -3 c-536 -2 -1000 0 -1029 4 -44 5 -62 13 -88 39 l-33 33 0 2202 0
2202 34 34 34 34 1031 0 1031 0 -2 -2272z"/>
<path d="M3710 3349 c-31 -12 -496 -473 -516 -511 -20 -39 -18 -105 6 -143 36
-58 120 -82 178 -51 15 8 74 62 132 120 57 58 108 106 112 106 5 0 8 -228 8
-507 0 -492 1 -509 20 -541 37 -61 130 -80 191 -39 70 47 69 35 69 592 l0 500
113 -112 c61 -62 125 -117 140 -122 113 -42 225 60 188 171 -7 23 -92 114
-265 287 l-254 254 -48 3 c-27 2 -60 -1 -74 -7z"/>
<path d="M1282 3340 c-18 -11 -41 -34 -52 -52 -19 -32 -20 -52 -20 -537 l0
-505 -113 112 c-115 113 -144 132 -200 132 -68 0 -137 -71 -137 -141 0 -57 43
-110 287 -351 322 -318 285 -318 607 0 125 125 241 245 257 266 89 120 -42
277 -174 210 -18 -9 -80 -64 -139 -122 l-108 -106 0 508 c0 493 -1 510 -20
541 -38 62 -126 83 -188 45z"/>
</g>
</svg>
