<?xml version="1.0" standalone="no"?>
<!DOCTYPE svg PUBLIC "-//W3C//DTD SVG 20010904//EN"
 "http://www.w3.org/TR/2001/REC-SVG-20010904/DTD/svg10.dtd">
<svg version="1.0" xmlns="http://www.w3.org/2000/svg"
 width="512.000000pt" height="512.000000pt" viewBox="0 0 512.000000 512.000000"
 preserveAspectRatio="xMidYMid meet">

<g transform="translate(0.000000,512.000000) scale(0.100000,-0.100000)"
fill="#000000" stroke="none">
<path d="M2450 5110 c-1004 -109 -1837 -826 -2085 -1794 -18 -72 -41 -178 -50
-236 -17 -110 -33 -509 -21 -554 6 -25 8 -26 64 -20 113 11 102 -10 102 185 0
188 11 314 41 464 165 828 791 1497 1610 1719 482 131 1000 93 1463 -108 705
-305 1205 -957 1323 -1726 24 -159 24 -481 0 -640 -100 -651 -455 -1203 -1002
-1559 -200 -130 -489 -251 -715 -300 -106 -22 -311 -51 -368 -51 l-37 0 93 93
92 93 -60 59 -60 60 -195 -195 c-107 -107 -195 -198 -195 -202 0 -6 394 -400
395 -395 0 1 25 28 55 60 l54 57 -98 99 -98 98 88 7 c767 61 1428 446 1846
1075 567 855 523 1974 -110 2791 -88 114 -276 305 -387 395 -335 269 -734 444
-1165 510 -125 19 -460 28 -580 15z"/>
<path d="M1212 3353 l3 -758 1515 0 1515 0 3 758 2 757 -1520 0 -1520 0 2
-757z m2868 -3 l0 -590 -1350 0 -1350 0 0 590 0 590 1350 0 1350 0 0 -590z"/>
<path d="M1550 3605 l0 -165 85 0 85 0 0 80 0 79 83 3 82 3 3 83 3 82 -171 0
-170 0 0 -165z"/>
<path d="M3572 3688 l3 -83 83 -3 82 -3 0 -79 0 -80 85 0 85 0 0 165 0 165
-170 0 -171 0 3 -82z"/>
<path d="M2645 3676 c-107 -34 -177 -95 -223 -194 -75 -164 15 -378 184 -441
62 -24 164 -29 222 -12 191 57 290 277 208 459 -69 150 -244 235 -391 188z
m148 -170 c44 -18 95 -78 103 -122 15 -81 -43 -172 -124 -193 -155 -42 -274
146 -169 266 53 60 122 78 190 49z"/>
<path d="M1977 3434 c-4 -4 -7 -43 -7 -86 l0 -78 130 0 131 0 -3 83 -3 82
-121 3 c-66 1 -123 -1 -127 -4z"/>
<path d="M3240 3355 l0 -85 125 0 126 0 -3 83 -3 82 -122 3 -123 3 0 -86z"/>
<path d="M1550 3100 l0 -170 170 0 170 0 0 85 0 85 -85 0 -85 0 0 85 0 85 -85
0 -85 0 0 -170z"/>
<path d="M3740 3185 l0 -85 -85 0 -85 0 0 -85 0 -85 170 0 170 0 0 170 0 170
-85 0 -85 0 0 -85z"/>
<path d="M1274 2349 c-17 -5 -73 -35 -125 -68 l-94 -59 -3 59 -3 59 -504 0
-505 0 0 -715 0 -715 505 0 504 0 3 103 3 103 428 -177 c235 -97 443 -179 461
-182 19 -3 53 -1 77 4 81 18 2032 630 2068 649 94 48 154 152 154 265 0 85
-23 144 -83 209 -64 69 -137 101 -230 100 -66 -1 -135 -18 -594 -152 l-518
-152 -123 22 -123 22 52 52 c74 73 99 129 104 236 4 77 1 93 -23 147 -32 71
-101 141 -172 174 -48 22 -51 22 -638 24 -332 1 -603 -2 -621 -8z m-734 -429
l0 -250 85 0 85 0 0 250 0 250 85 0 85 0 0 -545 0 -545 -340 0 -340 0 0 545 0
545 170 0 170 0 0 -250z m1946 224 c54 -40 69 -70 69 -139 0 -71 -17 -103 -75
-142 -32 -23 -38 -23 -351 -23 -175 0 -320 -3 -322 -7 -3 -5 -6 -44 -8 -88
l-4 -79 497 -82 c399 -66 505 -80 541 -73 24 4 279 76 566 159 475 137 525
150 559 140 67 -17 120 -100 107 -166 -7 -40 -49 -92 -84 -106 -30 -11 -1950
-605 -1987 -614 -19 -5 -141 43 -484 187 l-460 193 0 361 0 360 128 72 127 72
577 -2 c565 -2 577 -2 604 -23z"/>
<path d="M540 1375 l0 -125 85 0 85 0 0 125 0 125 -85 0 -85 0 0 -125z"/>
</g>
</svg>
