<?xml version="1.0" standalone="no"?>
<!DOCTYPE svg PUBLIC "-//W3C//DTD SVG 20010904//EN"
 "http://www.w3.org/TR/2001/REC-SVG-20010904/DTD/svg10.dtd">
<svg version="1.0" xmlns="http://www.w3.org/2000/svg"
 width="512.000000pt" height="512.000000pt" viewBox="0 0 512.000000 512.000000"
 preserveAspectRatio="xMidYMid meet">

<g transform="translate(0.000000,512.000000) scale(0.100000,-0.100000)"
fill="#000000" stroke="none">
<path d="M2445 5110 c-226 -46 -412 -210 -488 -430 l-22 -65 -3 -1530 c-2
-1514 -2 -1530 18 -1563 11 -18 34 -41 52 -52 37 -22 107 -27 141 -8 12 6 157
113 322 237 l300 226 925 5 c923 5 925 5 990 27 192 66 337 209 408 405 l27
73 0 1080 0 1080 -23 75 c-31 99 -72 168 -144 246 -77 81 -162 137 -263 172
l-80 27 -1060 2 c-583 0 -1078 -3 -1100 -7z m2175 -321 c80 -37 125 -81 162
-157 l33 -67 3 -1010 c2 -747 0 -1024 -9 -1065 -23 -108 -102 -201 -205 -240
-54 -20 -74 -20 -972 -20 -586 0 -930 -4 -952 -10 -19 -6 -127 -80 -240 -164
l-205 -155 -3 1324 c-2 1305 -2 1325 18 1378 36 96 123 176 220 203 35 10 274
12 1070 11 l1025 -2 55 -26z"/>
<path d="M2676 4310 c-57 -18 -106 -85 -106 -147 0 -40 32 -94 70 -120 l33
-23 846 0 c962 0 895 -6 939 83 19 37 22 55 17 87 -9 52 -57 104 -110 119 -49
13 -1644 14 -1689 1z"/>
<path d="M2643 3650 c-92 -56 -96 -179 -7 -246 l37 -29 824 -3 c588 -2 836 1
866 9 54 14 103 66 112 118 9 54 -22 123 -67 151 -32 20 -47 20 -883 20 -825
0 -851 -1 -882 -20z"/>
<path d="M2650 3011 c-100 -53 -103 -183 -6 -255 27 -20 41 -21 469 -24 416
-2 444 -1 477 16 107 58 107 211 0 264 -32 16 -76 18 -470 18 -405 0 -438 -1
-470 -19z"/>
<path d="M845 2703 c-125 -17 -292 -91 -392 -173 -136 -111 -238 -279 -273
-452 -23 -109 -25 -194 -6 -298 29 -160 96 -288 215 -413 41 -42 72 -79 70
-81 -2 -1 -21 -14 -42 -29 -129 -85 -251 -229 -322 -380 -77 -162 -95 -270
-95 -565 0 -224 9 -256 80 -292 39 -20 53 -20 884 -18 835 3 845 3 872 24 15
11 37 33 48 48 20 26 21 40 20 274 -2 271 -12 341 -72 488 -61 152 -200 324
-331 414 l-59 39 77 78 c286 293 301 757 32 1066 -175 203 -445 306 -706 270z
m220 -309 c224 -58 378 -250 378 -473 0 -137 -49 -254 -144 -349 -96 -97 -208
-143 -347 -143 -334 0 -572 332 -463 645 84 240 340 382 576 320z m45 -1290
c116 -27 205 -79 300 -174 140 -140 186 -255 197 -492 l6 -138 -658 0 -657 0
5 148 c3 98 10 165 22 202 71 226 241 393 459 450 88 23 237 25 326 4z"/>
</g>
</svg>
