<?xml version="1.0" standalone="no"?>
<!DOCTYPE svg PUBLIC "-//W3C//DTD SVG 20010904//EN"
 "http://www.w3.org/TR/2001/REC-SVG-20010904/DTD/svg10.dtd">
<svg version="1.0" xmlns="http://www.w3.org/2000/svg"
 width="16.000000pt" height="16.000000pt" viewBox="0 0 16.000000 16.000000"
 preserveAspectRatio="xMidYMid meet">

<g transform="translate(0.000000,16.000000) scale(0.100000,-0.100000)"
fill="#000000" stroke="none">
<path d="M0 80 l0 -80 80 0 80 0 0 80 c0 78 0 80 -25 80 -18 0 -23 -4 -19 -15
5 -11 -1 -15 -20 -15 -29 0 -35 16 -8 23 9 3 -7 5 -35 6 l-53 1 0 -80z m60 60
c0 -5 -11 -10 -25 -10 -14 0 -25 5 -25 10 0 6 11 10 25 10 14 0 25 -4 25 -10z
m90 0 c0 -5 -4 -10 -10 -10 -5 0 -10 5 -10 10 0 6 5 10 10 10 6 0 10 -4 10
-10z m-120 -30 c0 -5 -4 -10 -10 -10 -5 0 -10 5 -10 10 0 6 5 10 10 10 6 0 10
-4 10 -10z m60 0 c0 -5 -11 -10 -25 -10 -14 0 -25 5 -25 10 0 6 11 10 25 10
14 0 25 -4 25 -10z m60 0 c0 -5 -7 -10 -15 -10 -8 0 -15 -7 -15 -15 0 -9 -9
-15 -25 -15 -14 0 -25 5 -25 10 0 6 9 10 20 10 13 0 18 5 14 15 -5 11 1 15 20
15 14 0 26 -4 26 -10z m-90 -30 c0 -5 -11 -10 -25 -10 -14 0 -25 5 -25 10 0 6
11 10 25 10 14 0 25 -4 25 -10z m90 0 c0 -5 -4 -10 -10 -10 -5 0 -10 5 -10 10
0 6 5 10 10 10 6 0 10 -4 10 -10z m-120 -30 c0 -5 -4 -10 -10 -10 -5 0 -10 5
-10 10 0 6 5 10 10 10 6 0 10 -4 10 -10z m60 0 c0 -5 -7 -10 -15 -10 -8 0 -15
-7 -15 -15 0 -9 -9 -15 -25 -15 -14 0 -25 5 -25 10 0 6 9 10 20 10 13 0 18 5
14 15 -5 11 1 15 20 15 14 0 26 -4 26 -10z m60 0 c0 -5 -11 -10 -25 -10 -14 0
-25 5 -25 10 0 6 11 10 25 10 14 0 25 -4 25 -10z m-30 -30 c0 -5 -11 -10 -25
-10 -14 0 -25 5 -25 10 0 6 11 10 25 10 14 0 25 -4 25 -10z m30 0 c0 -5 -4
-10 -10 -10 -5 0 -10 5 -10 10 0 6 5 10 10 10 6 0 10 -4 10 -10z"/>
</g>
</svg>
