<?xml version="1.0" standalone="no"?>
<!DOCTYPE svg PUBLIC "-//W3C//DTD SVG 20010904//EN"
 "http://www.w3.org/TR/2001/REC-SVG-20010904/DTD/svg10.dtd">
<svg version="1.0" xmlns="http://www.w3.org/2000/svg"
 width="512.000000pt" height="512.000000pt" viewBox="0 0 512.000000 512.000000"
 preserveAspectRatio="xMidYMid meet">

<g transform="translate(0.000000,512.000000) scale(0.100000,-0.100000)"
fill="#000000" stroke="none">
<path d="M1305 5095 c-23 -23 -25 -31 -25 -130 l0 -105 -80 0 c-73 0 -83 -3
-105 -25 -14 -13 -25 -36 -25 -50 0 -14 11 -37 25 -50 22 -22 32 -25 105 -25
l80 0 0 -100 0 -100 -80 0 c-73 0 -83 -3 -105 -25 -32 -31 -32 -69 0 -100 22
-22 32 -25 105 -25 l80 0 0 -100 0 -100 -71 0 c-39 0 -80 -5 -92 -12 -50 -26
-60 -69 -26 -112 19 -24 26 -26 105 -26 l84 0 0 -66 c0 -60 -2 -65 -17 -58
-10 5 -169 10 -353 12 -320 2 -336 1 -368 -18 -18 -11 -41 -34 -52 -52 -18
-30 -20 -51 -20 -269 0 -224 1 -237 20 -254 28 -25 76 -23 103 4 21 21 22 31
25 231 l3 210 284 0 283 0 103 -257 c56 -142 109 -268 116 -280 30 -47 57 -54
316 -84 138 -17 252 -31 254 -32 1 -2 53 -111 116 -242 94 -200 118 -243 146
-262 33 -22 43 -23 236 -23 184 0 204 -2 210 -17 4 -10 43 -112 86 -227 44
-115 87 -222 95 -238 23 -45 70 -68 136 -68 l57 0 -67 -84 c-199 -249 -260
-566 -166 -867 82 -263 286 -485 541 -589 l68 -27 3 -151 3 -152 -415 0 -415
0 -3 372 c-3 366 -3 374 -26 415 -12 24 -41 55 -64 70 l-42 28 -425 3 c-234 2
-441 0 -459 -3 -40 -7 -110 -68 -129 -112 -9 -22 -13 -78 -13 -178 0 -132 2
-147 20 -165 27 -27 81 -26 106 1 16 18 19 40 22 153 2 72 8 137 14 143 8 10
55 13 174 13 l164 0 0 -370 0 -370 -174 0 -174 0 -4 110 c-3 97 -6 112 -25
131 -27 27 -75 29 -103 4 -18 -16 -20 -31 -20 -132 l0 -113 -415 0 -415 0 -2
1474 c-3 1433 -4 1474 -22 1495 -25 27 -79 28 -106 1 -20 -20 -20 -33 -20
-1495 l0 -1475 -210 0 c-211 0 -211 0 -235 -25 -32 -31 -32 -69 0 -100 l24
-25 2511 0 2511 0 24 25 c14 13 25 36 25 50 0 14 -11 37 -25 50 l-24 25 -741
0 -740 0 0 135 0 134 78 -6 c387 -29 777 223 921 597 47 122 63 223 59 370 -3
112 -6 132 -24 157 -29 38 -75 43 -108 10 -23 -23 -24 -27 -19 -154 5 -102 2
-147 -12 -209 -40 -184 -135 -337 -279 -451 -445 -350 -1091 -137 -1248 413
-29 103 -31 284 -4 389 93 356 399 595 761 595 119 0 206 -17 308 -60 140 -58
264 -162 356 -298 23 -35 53 -67 67 -72 48 -18 94 18 94 74 0 39 -93 167 -183
252 -133 125 -289 206 -465 240 -95 18 -268 18 -357 -1 -38 -8 -73 -15 -77
-15 -5 0 -8 79 -8 175 l0 175 84 0 c79 0 86 2 105 26 24 30 26 43 10 77 -16
35 -49 47 -129 47 l-70 0 0 100 0 100 80 0 c73 0 83 2 107 26 20 20 24 31 19
57 -10 53 -37 67 -127 67 l-79 0 0 99 0 99 85 3 c93 4 110 14 121 66 5 26 1
37 -19 57 -24 24 -34 26 -107 26 l-80 0 0 99 0 99 81 4 c74 3 83 6 105 31 29
34 30 56 3 91 -19 24 -26 26 -105 26 l-84 0 0 105 0 105 84 0 c79 0 86 2 105
26 28 36 26 60 -8 95 -27 27 -35 29 -105 29 l-76 0 0 100 0 100 80 0 c73 0 83
2 107 26 20 20 24 31 19 57 -11 52 -28 62 -121 66 l-85 3 0 53 c0 67 -26 105
-74 105 -51 0 -76 -34 -76 -103 l0 -57 -125 0 -125 0 0 100 0 100 64 0 c35 0
72 3 81 6 24 10 46 60 39 89 -10 41 -41 55 -116 55 l-68 0 0 89 c0 126 -21
170 -80 170 -55 0 -65 -20 -70 -142 l-5 -112 -127 -3 -128 -3 0 106 c0 99 -2
107 -25 130 -31 32 -69 32 -100 0 -23 -23 -25 -31 -25 -130 l0 -105 -124 0
-124 0 -4 111 c-3 102 -5 112 -27 130 -30 25 -62 24 -95 -2 -25 -20 -26 -24
-26 -130 l0 -109 -130 0 -130 0 0 109 c0 106 -1 110 -26 130 -43 34 -86 26
-109 -20 -10 -19 -15 -59 -15 -124 l0 -95 -125 0 -125 0 0 105 c0 99 -2 107
-25 130 -13 14 -36 25 -50 25 -14 0 -37 -11 -50 -25z m375 -485 l0 -100 -125
0 -125 0 0 100 0 100 125 0 125 0 0 -100z m410 0 l0 -100 -130 0 -130 0 0 100
0 100 130 0 130 0 0 -100z m400 0 l0 -100 -125 0 -125 0 0 100 0 100 125 0
125 0 0 -100z m410 0 l0 -100 -130 0 -130 0 0 100 0 100 130 0 130 0 0 -100z
m-1220 -350 l0 -100 -125 0 -125 0 0 100 0 100 125 0 125 0 0 -100z m410 0 l0
-100 -130 0 -130 0 0 100 0 100 130 0 130 0 0 -100z m400 0 l0 -100 -125 0
-125 0 0 100 0 100 125 0 125 0 0 -100z m408 -2 l3 -98 -131 0 -130 0 0 100 0
101 128 -3 127 -3 3 -97z m402 2 l0 -100 -125 0 -125 0 0 100 0 100 125 0 125
0 0 -100z m-1620 -355 l0 -105 -125 0 -125 0 0 105 0 105 125 0 125 0 0 -105z
m405 0 l0 -100 -125 0 -125 0 -3 89 c-2 49 0 96 2 103 4 11 32 13 128 11 l123
-3 0 -100z m405 0 l0 -105 -125 0 -125 0 0 105 0 105 125 0 125 0 0 -105z
m405 0 l0 -100 -127 -3 -128 -3 0 106 0 106 128 -3 127 -3 0 -100z m405 0 l0
-105 -125 0 -125 0 0 105 0 105 125 0 125 0 0 -105z m-1620 -435 l0 -180 -37
1 c-21 0 -55 3 -77 7 l-38 7 -49 120 c-35 89 -48 134 -49 173 l0 52 125 0 125
0 0 -180z m410 -39 l0 -220 -42 19 c-24 10 -74 21 -113 25 -116 11 -105 -10
-105 206 l0 189 130 0 130 0 0 -219z m400 119 l0 -100 -125 0 -125 0 0 100 0
100 125 0 125 0 0 -100z m408 3 l-3 -98 -127 -3 -128 -3 0 101 0 100 130 0
131 0 -3 -97z m402 -3 l0 -100 -125 0 -125 0 0 100 0 100 125 0 125 0 0 -100z
m-810 -350 l0 -100 -125 0 -125 0 0 100 0 100 125 0 125 0 0 -100z m410 0 l0
-100 -130 0 -130 0 0 100 0 100 130 0 130 0 0 -100z m400 0 l0 -100 -125 0
-125 0 0 100 0 100 125 0 125 0 0 -100z m-810 -365 l0 -115 -84 0 -84 0 -41
86 c-22 47 -41 99 -41 115 l0 29 125 0 125 0 0 -115z m408 -145 c1 -149 -1
-250 -7 -245 -4 6 -23 48 -41 95 -18 47 -39 98 -47 113 -17 33 -83 66 -130 67
l-33 0 0 115 0 116 128 -3 127 -3 3 -255z m402 160 l0 -100 -125 0 -125 0 0
100 0 100 125 0 125 0 0 -100z m0 -459 l0 -208 -92 -7 c-50 -3 -106 -6 -125
-6 l-33 0 0 215 0 215 125 0 125 0 0 -209z m-856 -1517 c14 -13 16 -61 16
-370 l0 -354 -180 0 -180 0 0 370 0 370 164 0 c136 0 167 -3 180 -16z"/>
<path d="M905 2955 c-23 -22 -25 -31 -25 -123 0 -90 2 -100 23 -120 31 -29 72
-28 102 3 23 22 25 32 25 120 0 88 -2 98 -25 120 -13 14 -36 25 -50 25 -14 0
-37 -11 -50 -25z"/>
<path d="M1442 2960 c-20 -19 -22 -31 -22 -125 0 -92 3 -108 20 -125 22 -22
60 -26 90 -10 25 14 40 63 40 135 0 72 -15 121 -40 135 -30 16 -64 12 -88 -10z"/>
<path d="M905 2495 c-23 -22 -25 -31 -25 -123 0 -90 2 -100 23 -120 31 -29 72
-28 102 3 23 22 25 32 25 120 0 88 -2 98 -25 120 -13 14 -36 25 -50 25 -14 0
-37 -11 -50 -25z"/>
<path d="M1442 2500 c-20 -19 -22 -31 -22 -125 0 -92 3 -108 20 -125 38 -38
100 -22 119 31 14 40 14 149 1 185 -21 55 -78 71 -118 34z"/>
<path d="M1975 2495 c-23 -22 -25 -32 -25 -120 0 -88 2 -98 25 -120 31 -32 74
-33 103 -2 20 21 22 34 22 121 0 90 -2 99 -25 121 -13 14 -36 25 -50 25 -14 0
-37 -11 -50 -25z"/>
<path d="M905 2035 c-23 -22 -25 -31 -25 -123 0 -90 2 -100 23 -120 33 -31 80
-29 106 4 18 23 21 41 21 121 0 86 -2 96 -25 118 -13 14 -36 25 -50 25 -14 0
-37 -11 -50 -25z"/>
<path d="M1442 2037 c-20 -21 -22 -34 -22 -125 0 -89 3 -105 20 -122 38 -38
100 -22 119 31 14 40 14 149 1 185 -22 56 -80 71 -118 31z"/>
<path d="M1975 2035 c-23 -22 -25 -32 -25 -118 0 -80 3 -98 21 -121 27 -34 77
-36 107 -3 20 21 22 34 22 121 0 90 -2 99 -25 121 -13 14 -36 25 -50 25 -14 0
-37 -11 -50 -25z"/>
<path d="M2516 2039 c-25 -20 -26 -24 -26 -123 0 -94 2 -104 23 -124 31 -29
72 -28 103 3 25 25 26 30 22 126 -3 92 -5 103 -27 120 -30 25 -62 24 -95 -2z"/>
<path d="M3721 1983 c-19 -10 -44 -31 -55 -46 -20 -27 -21 -44 -24 -273 l-3
-244 -240 0 c-264 0 -285 -4 -314 -60 -49 -95 24 -313 152 -451 131 -141 287
-209 482 -209 183 0 319 57 451 190 134 134 194 272 194 450 1 110 -14 178
-59 275 -79 172 -223 300 -396 353 -104 32 -149 36 -188 15z m196 -178 c213
-97 336 -331 290 -551 -29 -136 -108 -253 -221 -326 -205 -132 -483 -94 -645
88 -45 50 -104 164 -116 222 l-7 32 234 0 c348 0 338 -10 338 339 l0 234 35
-6 c20 -3 61 -18 92 -32z"/>
<path d="M3395 1872 c-120 -41 -195 -143 -195 -262 0 -55 24 -83 70 -83 39 0
68 27 75 72 3 20 13 50 21 67 18 36 79 74 118 74 34 0 76 41 76 75 0 14 -11
37 -25 50 -29 30 -69 32 -140 7z"/>
<path d="M905 1575 c-23 -22 -25 -31 -25 -123 0 -90 2 -100 23 -120 33 -31 80
-29 106 4 18 23 21 41 21 121 0 86 -2 96 -25 118 -13 14 -36 25 -50 25 -14 0
-37 -11 -50 -25z"/>
<path d="M1446 1579 c-25 -20 -26 -24 -26 -125 0 -91 3 -107 20 -124 22 -22
60 -26 90 -10 25 14 40 63 40 135 0 78 -14 119 -46 134 -35 16 -47 14 -78 -10z"/>
<path d="M1975 1575 c-23 -22 -25 -32 -25 -118 0 -80 3 -98 21 -121 27 -34 77
-36 107 -3 20 21 22 34 22 121 0 90 -2 99 -25 121 -13 14 -36 25 -50 25 -14 0
-37 -11 -50 -25z"/>
<path d="M2516 1579 c-25 -20 -26 -24 -26 -125 0 -91 3 -107 20 -124 28 -28
75 -26 106 5 25 25 26 30 22 126 -3 92 -5 103 -27 120 -30 25 -62 24 -95 -2z"/>
</g>
</svg>
