<?xml version="1.0" standalone="no"?>
<!DOCTYPE svg PUBLIC "-//W3C//DTD SVG 20010904//EN"
 "http://www.w3.org/TR/2001/REC-SVG-20010904/DTD/svg10.dtd">
<svg version="1.0" xmlns="http://www.w3.org/2000/svg"
 width="512.000000pt" height="512.000000pt" viewBox="0 0 512.000000 512.000000"
 preserveAspectRatio="xMidYMid meet">

<g transform="translate(0.000000,512.000000) scale(0.100000,-0.100000)"
fill="#000000" stroke="none">
<path d="M2099 4991 l-29 -29 0 -166 0 -165 -465 -3 -465 -3 -27 -28 -28 -27
-3 -2191 c-2 -2398 -6 -2240 54 -2268 36 -16 2812 -16 2848 0 60 28 56 -130
54 2268 l-3 2191 -28 27 -27 28 -465 3 -465 3 0 165 0 166 -29 29 -29 29 -432
0 -432 0 -29 -29z m759 -463 l-3 -293 -295 0 -295 0 -3 293 -2 292 300 0 300
0 -2 -292z m-790 -195 l-3 -98 -71 -5 c-82 -6 -110 -23 -120 -75 -7 -37 15
-89 45 -105 13 -6 234 -10 641 -10 407 0 628 4 641 10 30 16 52 68 45 105 -10
52 -38 69 -120 75 l-71 5 -3 98 -3 97 396 0 395 0 0 -2065 0 -2065 -1280 0
-1280 0 0 2065 0 2065 395 0 396 0 -3 -97z"/>
<path d="M2435 3834 c-264 -39 -482 -149 -655 -330 -188 -198 -285 -425 -297
-696 -9 -205 24 -362 113 -539 227 -452 743 -686 1238 -559 413 105 734 464
796 889 17 111 8 312 -19 417 -64 258 -231 494 -451 639 -182 121 -350 174
-565 180 -71 2 -143 1 -160 -1z m363 -223 c155 -45 290 -129 407 -253 215
-228 290 -538 205 -846 -37 -132 -130 -291 -224 -381 l-36 -35 0 120 c0 137
-16 215 -62 310 -35 72 -127 178 -194 225 l-43 29 38 60 c49 75 65 140 59 239
-6 95 -38 170 -105 242 -231 248 -651 96 -671 -242 -6 -99 10 -164 59 -239
l38 -60 -42 -29 c-69 -47 -159 -151 -195 -224 -46 -96 -62 -173 -62 -311 l0
-120 -36 35 c-93 90 -196 267 -229 393 -44 175 -39 346 16 510 47 143 100 227
214 341 137 137 267 211 440 249 101 23 324 16 423 -13z m-150 -387 c82 -41
124 -130 102 -216 -27 -99 -102 -153 -206 -146 -52 3 -70 9 -100 34 -116 94
-102 264 28 328 28 14 68 26 88 26 20 0 60 -12 88 -26z m7 -580 c118 -30 206
-103 259 -214 l31 -65 3 -202 3 -202 -38 -16 c-231 -97 -479 -97 -706 0 l-38
16 3 202 3 202 31 65 c51 107 142 184 254 214 72 19 123 19 195 0z"/>
<path d="M1540 1469 c-61 -24 -80 -105 -36 -156 l24 -28 1032 0 1032 0 24 28
c45 52 25 134 -38 156 -41 14 -2002 14 -2038 0z"/>
<path d="M1509 1051 c-21 -22 -29 -39 -29 -66 0 -27 8 -44 29 -66 l29 -29
1022 0 1022 0 29 29 c21 22 29 39 29 66 0 27 -8 44 -29 66 l-29 29 -1022 0
-1022 0 -29 -29z"/>
<path d="M1534 680 c-47 -19 -69 -92 -44 -141 28 -51 -6 -49 1070 -49 1076 0
1042 -2 1070 49 13 25 13 77 0 102 -28 51 7 49 -1072 48 -552 0 -1013 -4
-1024 -9z"/>
</g>
</svg>
