<?xml version="1.0" standalone="no"?>
<!DOCTYPE svg PUBLIC "-//W3C//DTD SVG 20010904//EN"
 "http://www.w3.org/TR/2001/REC-SVG-20010904/DTD/svg10.dtd">
<svg version="1.0" xmlns="http://www.w3.org/2000/svg"
 width="512.000000pt" height="512.000000pt" viewBox="0 0 512.000000 512.000000"
 preserveAspectRatio="xMidYMid meet">

<g transform="translate(0.000000,512.000000) scale(0.100000,-0.100000)"
fill="#000000" stroke="none">
<path d="M4389 4637 c-61 -32 -99 -89 -106 -159 l-6 -56 -61 -26 c-184 -78
-114 -71 -761 -72 -636 0 -625 1 -845 -65 -293 -87 -653 -288 -850 -476 -141
-134 -173 -206 -128 -293 30 -58 71 -81 144 -81 52 0 74 8 284 114 275 139
424 191 643 221 32 4 37 2 33 -12 -16 -56 -16 -87 -2 -134 18 -63 60 -107 131
-140 49 -22 62 -22 525 -30 336 -6 495 -5 545 3 90 15 215 60 285 104 l55 34
12 -41 c17 -57 59 -107 107 -129 33 -15 66 -19 174 -19 177 0 230 22 273 115
17 37 19 75 19 523 0 520 0 523 -53 581 -45 49 -91 61 -238 61 -123 0 -140 -2
-180 -23z m343 -105 l23 -23 0 -489 0 -489 -23 -23 c-20 -21 -33 -23 -143 -26
-136 -4 -172 5 -194 49 -21 40 -22 941 -1 978 25 45 51 51 188 49 118 -3 129
-5 150 -26z m-452 -526 l0 -305 -43 -35 c-61 -50 -198 -111 -287 -129 -63 -13
-148 -15 -525 -10 -487 5 -529 9 -575 58 -33 35 -34 101 -4 142 l21 28 291 6
c160 4 303 9 316 13 42 10 43 73 2 89 -31 12 -739 -12 -836 -28 -221 -36 -421
-109 -663 -240 -178 -96 -233 -110 -257 -65 -17 32 0 69 64 138 171 182 489
372 800 477 242 81 219 79 851 76 535 -2 563 -1 635 18 41 11 102 31 135 45
33 14 63 25 68 26 4 0 7 -137 7 -304z"/>
<path d="M2472 3260 c-89 -13 -125 -48 -137 -134 -5 -38 -15 -58 -40 -83 -38
-38 -75 -42 -142 -17 -58 22 -104 12 -147 -32 -42 -43 -116 -189 -116 -228 0
-44 28 -92 70 -120 73 -48 75 -138 3 -194 -70 -55 -80 -112 -34 -207 70 -148
145 -203 233 -168 60 23 121 22 149 -2 26 -24 49 -75 49 -110 0 -15 13 -40 33
-60 26 -28 44 -37 91 -46 61 -11 156 -5 213 12 48 15 79 58 87 120 6 41 14 59
41 86 38 38 74 43 142 17 58 -22 104 -12 147 32 42 43 116 189 116 228 0 44
-28 92 -70 120 -73 48 -75 138 -3 194 70 55 80 112 34 207 -70 148 -145 203
-233 168 -60 -23 -121 -22 -149 2 -26 24 -49 75 -49 110 0 15 -13 40 -32 60
-47 50 -126 64 -256 45z m152 -99 c26 -5 31 -13 47 -71 14 -52 26 -73 62 -106
68 -65 139 -79 228 -45 l51 20 24 -26 c30 -32 71 -102 79 -135 5 -21 -2 -34
-43 -75 -38 -38 -52 -61 -61 -101 -21 -84 8 -166 79 -222 22 -17 40 -36 40
-42 0 -21 -63 -137 -85 -158 -23 -22 -25 -22 -65 -6 -59 23 -118 20 -177 -9
-62 -31 -99 -82 -113 -154 -5 -29 -12 -56 -15 -61 -7 -12 -135 -21 -175 -12
-33 7 -36 12 -52 72 -13 53 -25 72 -61 106 -68 65 -139 79 -228 45 l-51 -20
-24 26 c-30 32 -71 102 -79 135 -5 21 2 34 43 75 54 54 80 124 67 185 -10 49
-50 111 -90 142 -19 15 -35 32 -35 38 0 21 62 137 85 158 23 22 25 22 65 6 59
-23 118 -20 177 9 62 31 99 82 113 155 6 30 14 58 18 61 14 15 127 21 176 10z"/>
<path d="M2450 2809 c-101 -45 -160 -138 -160 -249 1 -155 116 -270 270 -270
155 1 270 116 270 270 -1 109 -59 202 -155 246 -66 31 -161 32 -225 3z m184
-93 c112 -47 129 -217 29 -293 -43 -33 -122 -42 -174 -20 -98 41 -131 185 -62
268 48 56 135 75 207 45z"/>
<path d="M1505 3109 c-96 -20 -128 -42 -118 -79 8 -29 34 -40 76 -33 l35 5
-44 -88 c-102 -206 -120 -436 -49 -643 30 -90 88 -199 130 -248 30 -34 35 -37
61 -28 43 15 43 50 -2 116 -137 201 -169 445 -88 670 24 67 69 155 84 164 4 3
13 -15 19 -40 15 -59 53 -81 85 -49 21 20 20 45 -5 153 -30 133 -30 132 -184
100z"/>
<path d="M3508 3119 c-28 -16 -21 -52 18 -110 136 -199 168 -448 88 -669 -24
-68 -69 -156 -84 -165 -4 -3 -13 15 -19 40 -12 48 -39 70 -71 60 -38 -12 -36
-70 6 -222 18 -67 30 -70 159 -43 106 21 138 41 128 80 -8 29 -34 40 -76 33
l-35 -5 44 88 c67 136 87 223 87 384 0 118 -3 146 -27 225 -45 148 -143 315
-184 315 -9 0 -25 -5 -34 -11z"/>
<path d="M375 1721 c-48 -22 -79 -54 -100 -103 -13 -32 -15 -107 -15 -520 0
-448 2 -486 19 -523 43 -93 96 -115 274 -115 121 0 138 2 178 23 61 33 99 89
106 160 l6 57 102 40 c165 64 156 63 720 58 280 -3 542 -1 582 4 360 44 839
276 1118 540 136 128 167 202 123 288 -30 58 -71 81 -145 81 -54 0 -73 -7
-263 -104 -233 -119 -359 -169 -510 -202 -154 -34 -192 -37 -186 -17 16 57 16
87 2 134 -18 63 -60 107 -131 140 -49 22 -62 22 -525 30 -334 5 -496 4 -545
-3 -90 -15 -215 -60 -285 -104 l-55 -34 -12 41 c-17 57 -59 107 -107 129 -59
27 -292 27 -351 0z m310 -93 c55 -25 55 -28 55 -528 0 -505 0 -505 -59 -529
-19 -9 -70 -12 -150 -9 -110 3 -123 5 -143 26 l-23 23 -3 481 c-3 521 -3 516
51 538 33 13 242 12 272 -2z m2716 -39 c16 -31 -1 -68 -65 -137 -209 -224
-629 -450 -992 -533 -97 -22 -108 -23 -654 -20 -609 3 -609 3 -764 -59 -42
-16 -79 -30 -81 -30 -3 0 -5 137 -5 304 l0 305 43 35 c61 50 198 111 287 130
64 13 144 14 550 8 510 -8 506 -8 554 -61 27 -30 27 -101 0 -138 l-21 -28
-264 -6 c-145 -4 -285 -7 -311 -8 -37 -1 -50 -6 -58 -21 -14 -25 -5 -57 19
-70 11 -5 154 -6 382 0 390 9 498 21 680 74 117 34 297 112 452 196 169 92
223 105 248 59z"/>
</g>
</svg>
