<?xml version="1.0" standalone="no"?>
<!DOCTYPE svg PUBLIC "-//W3C//DTD SVG 20010904//EN"
 "http://www.w3.org/TR/2001/REC-SVG-20010904/DTD/svg10.dtd">
<svg version="1.0" xmlns="http://www.w3.org/2000/svg"
 width="512.000000pt" height="512.000000pt" viewBox="0 0 512.000000 512.000000"
 preserveAspectRatio="xMidYMid meet">

<g transform="translate(0.000000,512.000000) scale(0.100000,-0.100000)"
fill="#000000" stroke="none">
<path d="M2490 5101 c-19 -11 -69 -57 -111 -102 -43 -47 -100 -98 -130 -115
-30 -18 -356 -148 -725 -289 -370 -142 -684 -267 -698 -279 -16 -12 -31 -38
-36 -61 -14 -58 -13 -495 1 -534 19 -53 81 -69 119 -31 19 19 20 33 20 240 l0
220 579 0 579 0 -14 -72 c-69 -368 -704 -3984 -704 -4007 0 -20 8 -36 26 -50
34 -27 57 -26 89 2 25 21 31 47 113 515 l87 492 880 -2 879 -3 98 -489 c104
-520 109 -536 163 -536 37 0 75 37 75 73 0 24 -778 3941 -805 4055 l-5 22 610
0 610 0 0 -220 c0 -207 1 -221 20 -240 38 -38 100 -22 119 31 14 39 15 476 1
534 -5 23 -20 49 -36 61 -14 12 -324 135 -688 273 -474 181 -679 264 -723 293
-35 22 -96 77 -135 121 -103 113 -176 141 -258 98z m178 -228 c54 -54 123
-113 154 -131 31 -19 292 -124 580 -233 287 -110 524 -202 527 -205 2 -2 -614
-4 -1369 -4 -755 0 -1371 2 -1368 5 3 3 249 100 547 214 604 233 629 245 747
375 38 42 72 76 77 76 5 0 52 -44 105 -97z m171 -825 c6 -29 53 -263 105 -520
l93 -468 -493 0 c-428 0 -494 2 -494 15 0 14 165 958 175 1003 l5 22 299 0
300 0 10 -52z m-521 -1215 c-35 -43 -138 -169 -227 -281 -90 -111 -165 -201
-167 -199 -4 3 77 473 91 535 5 22 7 22 186 22 l181 0 -64 -77z m805 -205 c31
-155 56 -283 54 -284 -2 -2 -161 186 -425 502 l-54 64 185 0 184 0 56 -282z
m-270 -133 l294 -350 -299 -3 c-164 -1 -432 -1 -596 0 l-298 3 290 361 c222
276 294 359 303 350 7 -6 144 -168 306 -361z m126 -509 c-5 -5 -384 -228 -416
-245 -20 -10 -46 2 -240 110 -120 67 -222 126 -227 130 -6 5 186 9 439 9 246
0 446 -2 444 -4z m348 -373 c39 -197 70 -359 69 -360 -4 -4 -688 383 -690 390
-1 7 529 325 544 326 3 1 37 -160 77 -356z m-1202 180 c198 -111 261 -151 252
-159 -23 -22 -639 -376 -644 -370 -5 4 101 632 112 664 2 6 7 12 11 12 3 0
124 -66 269 -147z m802 -450 l282 -158 -325 -3 c-178 -1 -470 -1 -649 0 l-326
3 318 186 318 187 50 -29 c28 -16 177 -100 332 -186z"/>
</g>
</svg>
