<?xml version="1.0" standalone="no"?>
<!DOCTYPE svg PUBLIC "-//W3C//DTD SVG 20010904//EN"
 "http://www.w3.org/TR/2001/REC-SVG-20010904/DTD/svg10.dtd">
<svg version="1.0" xmlns="http://www.w3.org/2000/svg"
 width="512.000000pt" height="512.000000pt" viewBox="0 0 512.000000 512.000000"
 preserveAspectRatio="xMidYMid meet">

<g transform="translate(0.000000,512.000000) scale(0.100000,-0.100000)"
fill="#000000" stroke="none">
<path d="M2387 5110 c-27 -5 -66 -20 -88 -34 -41 -28 -58 -55 -108 -181 l-31
-80 -113 -35 c-61 -19 -172 -64 -245 -101 l-134 -66 -101 43 c-178 76 -219 64
-403 -121 -164 -166 -176 -209 -103 -385 l43 -103 -41 -76 c-53 -99 -106 -227
-136 -331 l-24 -83 -99 -39 c-119 -48 -148 -68 -177 -121 -21 -39 -22 -55 -22
-232 0 -104 3 -202 8 -218 16 -58 71 -102 183 -147 58 -24 107 -48 109 -54 43
-143 78 -235 132 -345 l65 -133 -43 -106 c-48 -117 -54 -175 -24 -233 10 -19
74 -90 142 -159 114 -114 123 -126 114 -150 -5 -14 -102 -238 -215 -498 -113
-261 -211 -493 -216 -517 -17 -75 8 -160 65 -224 70 -77 100 -84 355 -89 l225
-4 130 -127 c111 -109 138 -131 184 -146 97 -32 208 -3 277 72 21 23 104 194
245 504 117 258 216 469 219 469 3 0 102 -211 219 -469 141 -310 224 -481 245
-504 69 -75 180 -104 277 -72 46 15 73 37 184 146 l130 127 225 4 c210 4 228
6 272 27 107 52 169 169 148 281 -5 25 -104 263 -220 530 -117 267 -214 492
-217 500 -2 9 43 63 120 140 68 69 132 141 142 160 30 58 23 122 -24 232 -22
53 -41 101 -41 106 0 5 25 56 55 113 30 58 75 166 99 240 l45 134 103 43 c57
24 116 55 131 70 59 56 62 69 62 287 0 188 -1 203 -22 242 -29 54 -64 78 -181
124 l-95 37 -24 82 c-30 104 -83 233 -136 331 l-41 76 44 104 c73 176 62 217
-114 393 -174 174 -219 187 -393 112 l-101 -43 -134 66 c-73 37 -184 82 -245
101 l-113 35 -36 90 c-48 122 -73 158 -130 186 -42 20 -65 23 -203 25 -86 2
-178 -1 -204 -6z m304 -166 c36 -6 38 -9 74 -103 65 -166 67 -168 133 -186
183 -51 333 -112 465 -192 70 -42 76 -42 221 22 57 25 111 45 120 45 22 0 226
-208 226 -230 0 -10 -20 -65 -44 -122 -59 -137 -61 -146 -36 -188 68 -116 153
-308 183 -413 19 -66 41 -127 49 -136 8 -10 69 -39 134 -65 65 -27 122 -53
126 -59 14 -21 9 -313 -5 -325 -6 -6 -58 -28 -115 -50 -140 -54 -148 -61 -167
-130 -50 -179 -106 -318 -180 -442 -52 -87 -52 -87 4 -217 28 -64 51 -125 51
-135 0 -19 -128 -159 -191 -209 l-37 -29 -117 50 c-128 55 -165 60 -210 29
-96 -65 -281 -145 -430 -185 -49 -13 -97 -32 -106 -41 -9 -10 -35 -67 -59
-128 -24 -60 -48 -116 -53 -123 -7 -9 -50 -12 -171 -10 l-161 3 -50 122 c-27
68 -57 130 -66 138 -8 8 -56 27 -106 40 -153 42 -333 120 -428 184 -45 31 -79
26 -209 -29 l-118 -50 -37 29 c-63 50 -191 190 -191 209 0 10 23 71 51 135 35
83 48 124 43 140 -4 12 -27 56 -51 98 -63 108 -119 244 -152 367 -19 70 -36
112 -50 123 -11 9 -69 36 -128 59 -59 24 -114 48 -120 53 -14 10 -19 303 -5
323 4 6 50 28 102 49 157 62 168 69 180 118 45 174 107 324 205 497 30 53 30
57 -31 198 -24 57 -44 112 -44 122 0 21 206 230 226 230 8 0 68 -22 133 -50
65 -27 127 -50 138 -50 10 0 41 14 69 32 27 17 94 53 149 79 91 43 136 59 320
116 l60 18 54 132 c47 118 56 132 80 136 43 7 233 7 272 1z m-893 -3307 c70
-35 174 -78 232 -96 58 -18 111 -36 119 -40 7 -3 31 -51 53 -106 53 -133 86
-168 179 -189 l46 -11 -219 -485 c-240 -530 -250 -547 -316 -536 -29 4 -60 29
-162 130 -69 68 -139 131 -157 140 -26 13 -69 16 -235 16 -112 0 -220 5 -240
10 -44 13 -68 43 -68 86 0 30 428 1035 451 1059 10 10 167 82 182 84 5 1 66
-27 135 -62z m1743 27 c46 -20 89 -41 96 -48 24 -23 453 -1027 453 -1060 0
-19 -9 -44 -19 -57 -19 -24 -22 -24 -253 -29 -199 -5 -238 -8 -268 -24 -19
-10 -91 -74 -160 -142 -143 -142 -173 -156 -224 -112 -42 35 -480 1002 -457
1006 119 24 155 58 211 198 24 58 48 107 54 109 102 26 264 88 351 134 61 32
115 59 121 60 6 0 48 -15 95 -35z"/>
<path d="M2410 4515 c-8 -2 -49 -9 -90 -15 -168 -27 -353 -101 -511 -205 -311
-204 -525 -530 -595 -910 -21 -115 -21 -338 0 -458 84 -464 394 -853 825
-1030 738 -304 1577 86 1820 845 45 143 62 253 62 413 0 203 -31 358 -106 537
-147 347 -457 635 -815 758 -136 46 -228 61 -405 65 -93 2 -177 2 -185 0z
m343 -180 c473 -82 842 -421 964 -882 31 -120 42 -344 23 -475 -59 -405 -341
-764 -724 -923 -580 -240 -1243 9 -1524 570 -94 189 -126 345 -119 575 3 124
10 175 30 253 121 458 488 797 956 881 103 19 289 19 394 1z"/>
<path d="M2970 3729 c-34 -15 -135 -109 -396 -371 l-351 -350 -49 28 c-42 25
-59 29 -124 29 -85 0 -133 -20 -186 -77 -67 -70 -86 -151 -59 -245 15 -53 28
-69 138 -181 67 -68 139 -133 161 -144 56 -29 132 -34 197 -13 51 16 83 46
512 474 333 331 465 469 483 504 30 58 34 151 10 209 -55 129 -211 193 -336
137z m157 -171 c30 -33 36 -63 19 -95 -8 -15 -210 -223 -448 -461 -384 -383
-438 -433 -471 -439 -37 -6 -39 -4 -149 105 -103 101 -112 113 -112 147 0 29
7 43 28 61 42 37 79 32 134 -20 53 -50 89 -63 124 -46 12 7 194 183 403 391
357 356 383 379 416 379 24 0 42 -7 56 -22z"/>
</g>
</svg>
