<?xml version="1.0" standalone="no"?>
<!DOCTYPE svg PUBLIC "-//W3C//DTD SVG 20010904//EN"
 "http://www.w3.org/TR/2001/REC-SVG-20010904/DTD/svg10.dtd">
<svg version="1.0" xmlns="http://www.w3.org/2000/svg"
 width="512.000000pt" height="512.000000pt" viewBox="0 0 512.000000 512.000000"
 preserveAspectRatio="xMidYMid meet">

<g transform="translate(0.000000,512.000000) scale(0.100000,-0.100000)"
fill="#000000" stroke="none">
<path d="M2415 5098 c-597 -27 -1175 -280 -1619 -708 -420 -405 -684 -930
-761 -1515 -21 -158 -21 -471 0 -630 61 -463 235 -880 523 -1255 90 -116 337
-360 452 -446 383 -287 778 -449 1235 -509 141 -18 444 -21 590 -5 465 52 885
221 1282 516 43 32 151 131 240 219 173 172 183 189 170 272 -14 85 -122 139
-198 99 -14 -7 -80 -68 -145 -136 -135 -139 -233 -221 -383 -321 -288 -191
-630 -316 -981 -359 -142 -17 -428 -12 -577 9 -558 83 -1055 360 -1414 790
-275 329 -455 748 -509 1181 -13 109 -13 411 0 520 108 871 700 1600 1525
1876 247 83 446 114 720 114 499 0 950 -151 1355 -453 122 -91 346 -315 437
-437 301 -404 453 -857 453 -1355 0 -258 -26 -441 -96 -672 -38 -125 -41 -160
-19 -203 45 -87 159 -103 229 -33 49 49 128 338 161 588 21 158 21 471 0 630
-112 858 -637 1591 -1410 1970 -401 197 -792 275 -1260 253z"/>
<path d="M2710 3402 c-1458 -724 -1445 -718 -1469 -747 -44 -57 -36 -152 18
-197 22 -19 124 -48 477 -137 247 -62 454 -118 460 -125 6 -6 62 -213 124
-460 89 -352 119 -455 138 -477 45 -55 140 -62 198 -17 37 30 1244 2454 1251
2513 8 77 -48 143 -128 152 -42 4 -101 -24 -1069 -505z m486 -454 c-397 -806
-582 -1172 -588 -1162 -3 5 -38 142 -78 304 -71 285 -75 296 -109 331 -35 34
-46 38 -331 109 -162 40 -299 75 -305 79 -7 3 1593 808 1652 830 1 1 -107
-221 -241 -491z"/>
<path d="M4563 1480 c-87 -52 -83 -198 6 -245 98 -50 211 16 211 123 0 85 -56
142 -140 142 -27 0 -58 -8 -77 -20z"/>
</g>
</svg>
