<?xml version="1.0" standalone="no"?>
<!DOCTYPE svg PUBLIC "-//W3C//DTD SVG 20010904//EN"
 "http://www.w3.org/TR/2001/REC-SVG-20010904/DTD/svg10.dtd">
<svg version="1.0" xmlns="http://www.w3.org/2000/svg"
 width="512.000000pt" height="512.000000pt" viewBox="0 0 512.000000 512.000000"
 preserveAspectRatio="xMidYMid meet">

<g transform="translate(0.000000,512.000000) scale(0.100000,-0.100000)"
fill="#000000" stroke="none">
<path d="M1964 4870 c-56 -23 -73 -112 -29 -155 22 -23 32 -25 110 -25 l85 0
0 -98 0 -98 -138 -17 c-214 -27 -400 -79 -604 -171 l-57 -25 -41 69 c-57 98
-57 93 2 125 77 42 98 66 98 114 0 57 -35 96 -86 95 -55 0 -458 -233 -481
-277 -31 -60 18 -137 88 -137 11 0 52 17 89 37 38 21 70 35 73 33 2 -3 23 -39
46 -80 l43 -75 -28 -20 c-336 -242 -531 -466 -689 -788 -300 -612 -265 -1324
96 -1913 56 -92 141 -205 213 -281 l58 -63 -66 -265 c-40 -161 -66 -286 -66
-318 0 -85 26 -144 90 -209 69 -69 139 -94 228 -84 88 10 149 50 314 202 84
77 170 155 190 173 l37 32 38 -16 c61 -26 289 -82 393 -96 180 -25 507 -14
642 22 70 18 100 75 73 133 -27 56 -55 61 -201 41 -170 -24 -463 -17 -609 15
-714 154 -1262 704 -1405 1410 -41 204 -42 488 -1 693 153 770 785 1348 1571
1438 126 14 370 7 489 -15 631 -116 1146 -538 1371 -1124 34 -87 51 -108 92
-117 57 -13 118 35 118 92 0 57 -135 339 -228 478 -132 197 -277 349 -474 498
l-108 80 19 31 c10 17 31 52 46 79 15 26 29 47 32 47 3 0 33 -16 67 -35 79
-44 117 -45 157 -6 33 33 39 82 14 118 -22 31 -434 266 -467 266 -38 0 -73
-20 -87 -50 -27 -60 -3 -107 78 -152 34 -19 61 -39 61 -45 0 -8 -73 -139 -86
-155 -2 -2 -43 14 -91 37 -179 83 -397 141 -611 164 l-113 12 3 95 3 96 87 5
c65 4 91 10 106 24 28 24 37 70 22 107 -23 55 -44 59 -312 58 -134 0 -253 -4
-264 -9z m-860 -3994 c69 -47 148 -97 176 -112 27 -15 50 -30 50 -34 0 -3 -66
-66 -146 -140 -152 -139 -197 -166 -244 -148 -82 31 -84 64 -20 314 29 112 54
204 56 204 2 0 59 -38 128 -84z"/>
<path d="M2020 4036 c-339 -49 -631 -196 -876 -441 -222 -222 -360 -474 -426
-778 -30 -140 -33 -467 -5 -597 68 -309 198 -558 407 -774 299 -310 683 -476
1102 -476 212 0 437 41 489 89 42 39 43 99 2 137 -32 30 -53 29 -211 -5 -51
-10 -111 -21 -135 -23 l-42 -3 -3 97 c-2 88 -5 98 -29 122 -34 35 -91 36 -130
2 -26 -23 -28 -29 -31 -120 l-4 -96 -35 0 c-88 0 -316 61 -415 111 l-37 19 45
77 c48 86 51 100 29 143 -19 36 -43 50 -87 50 -43 0 -66 -21 -113 -102 -21
-35 -39 -65 -41 -67 -23 -24 -354 303 -354 349 0 5 29 24 64 44 36 20 74 48
85 62 28 36 27 86 -3 121 -36 42 -93 38 -171 -10 -33 -20 -65 -37 -72 -37 -30
0 -117 277 -130 412 l-6 68 82 0 c119 0 161 27 161 103 0 42 -36 82 -81 91
-18 3 -61 6 -97 6 l-65 0 7 69 c11 124 99 411 126 411 5 0 39 -18 78 -40 85
-49 122 -52 163 -11 33 34 39 83 13 119 -8 12 -49 41 -89 65 l-75 43 63 80
c35 43 97 110 138 148 71 66 157 132 163 124 2 -1 22 -36 46 -76 58 -101 116
-124 177 -69 45 41 40 82 -27 195 l-31 53 53 23 c82 36 207 73 304 90 144 26
134 31 134 -73 0 -81 2 -92 25 -119 30 -36 69 -45 112 -27 45 19 53 42 53 146
l0 92 72 -7 c130 -13 418 -101 418 -128 0 -5 -18 -40 -40 -77 -58 -97 -53
-158 14 -186 63 -26 98 -4 157 97 22 38 43 68 48 68 16 0 197 -159 241 -211
61 -73 110 -136 110 -142 0 -3 -36 -26 -79 -51 -90 -52 -111 -85 -90 -143 25
-73 93 -80 196 -19 34 20 66 36 71 36 5 0 13 -11 16 -24 9 -37 52 -83 83 -89
36 -7 88 15 103 43 19 36 14 75 -19 145 -205 438 -619 761 -1098 855 -138 28
-371 35 -503 16z"/>
<path d="M2164 3296 l-34 -34 0 -226 0 -226 -35 -14 c-53 -23 -130 -100 -156
-159 -18 -39 -23 -70 -24 -127 0 -126 62 -227 178 -287 71 -37 187 -39 262 -5
61 28 137 100 161 153 l17 39 80 0 c90 0 138 17 156 56 18 40 13 72 -18 106
-28 31 -31 32 -124 36 l-96 4 -21 44 c-26 52 -107 128 -155 144 l-35 12 0 224
c0 136 -4 233 -10 245 -13 23 -61 49 -91 49 -11 0 -36 -15 -55 -34z m145 -692
c76 -63 50 -183 -45 -214 -89 -30 -179 61 -153 154 23 82 132 116 198 60z"/>
<path d="M3773 2835 c-106 -23 -229 -97 -291 -175 -83 -104 -117 -200 -117
-335 0 -112 6 -135 75 -285 97 -211 144 -395 156 -607 l7 -123 -221 0 c-202 0
-226 -2 -279 -21 -72 -28 -144 -94 -180 -168 -26 -52 -28 -66 -31 -204 -3
-102 0 -158 8 -178 15 -35 56 -59 100 -59 l30 0 0 -180 c0 -111 4 -188 11
-204 6 -13 25 -32 43 -41 28 -15 103 -16 813 -13 l783 3 27 28 28 27 3 190 3
190 36 0 c27 0 43 8 69 34 l34 34 0 135 c0 107 -4 148 -20 200 -26 83 -88 155
-168 194 -57 28 -58 28 -291 31 l-234 3 6 122 c10 212 53 376 161 617 67 152
84 238 67 351 -33 212 -200 390 -408 434 -83 18 -138 18 -220 0z m265 -220
c60 -33 110 -84 144 -147 20 -37 23 -57 22 -143 0 -99 0 -101 -53 -215 -63
-135 -123 -312 -146 -430 -9 -47 -19 -149 -22 -227 l-6 -143 -93 0 -94 0 0 88
c-1 240 -56 458 -196 772 -32 72 -37 95 -37 155 0 130 73 242 196 301 46 22
63 25 142 22 77 -3 98 -8 143 -33z m572 -1514 c52 -28 72 -69 74 -154 l1 -72
-800 0 -800 0 0 77 c1 89 17 121 76 150 31 17 87 18 724 18 654 0 692 -1 725
-19z m-70 -546 l0 -125 -657 2 -658 3 -3 123 -3 122 661 0 660 0 0 -125z"/>
</g>
</svg>
