<?xml version="1.0" standalone="no"?>
<!DOCTYPE svg PUBLIC "-//W3C//DTD SVG 20010904//EN"
 "http://www.w3.org/TR/2001/REC-SVG-20010904/DTD/svg10.dtd">
<svg version="1.0" xmlns="http://www.w3.org/2000/svg"
 width="16.000000pt" height="16.000000pt" viewBox="0 0 16.000000 16.000000"
 preserveAspectRatio="xMidYMid meet">

<g transform="translate(0.000000,16.000000) scale(0.100000,-0.100000)"
fill="#000000" stroke="none">
<path d="M52 148 c-7 -7 -12 -18 -12 -25 0 -7 -7 -13 -15 -13 -12 0 -15 -13
-15 -55 l0 -55 70 0 70 0 0 76 0 76 -33 -3 c-18 -2 -37 0 -43 4 -6 3 -16 1
-22 -5z m38 -44 c0 -13 -5 -24 -11 -24 -6 0 -8 9 -4 22 6 17 4 20 -9 15 -16
-6 -22 4 -10 16 12 12 34 -6 34 -29z m50 -29 c0 -37 -4 -65 -10 -65 -5 0 -10
16 -10 35 0 19 -4 35 -10 35 -5 0 -10 14 -10 30 0 23 4 30 20 30 18 0 20 -7
20 -65z m-80 -18 c0 -36 -3 -43 -20 -43 -17 0 -20 7 -20 43 0 36 3 43 20 43
17 0 20 -7 20 -43z m40 5 c-8 -4 -15 -14 -15 -22 0 -8 7 -18 15 -22 11 -5 9
-7 -7 -7 -19 -1 -23 4 -23 29 0 25 4 30 23 29 16 0 18 -2 7 -7z"/>
</g>
</svg>
