<?xml version="1.0" standalone="no"?>
<!DOCTYPE svg PUBLIC "-//W3C//DTD SVG 20010904//EN"
 "http://www.w3.org/TR/2001/REC-SVG-20010904/DTD/svg10.dtd">
<svg version="1.0" xmlns="http://www.w3.org/2000/svg"
 width="512.000000pt" height="512.000000pt" viewBox="0 0 512.000000 512.000000"
 preserveAspectRatio="xMidYMid meet">

<g transform="translate(0.000000,512.000000) scale(0.100000,-0.100000)"
fill="#000000" stroke="none">
<path d="M2533 5101 c-67 -23 -129 -66 -164 -115 -21 -29 -52 -50 -121 -84
-129 -62 -237 -169 -297 -293 -40 -83 -45 -89 -107 -125 -37 -21 -90 -64 -119
-96 -56 -60 -120 -175 -131 -234 -6 -32 -14 -39 -85 -75 -162 -81 -284 -232
-329 -406 -10 -40 -13 -43 -44 -43 -46 0 -97 -37 -124 -90 -19 -38 -22 -60
-22 -155 1 -160 35 -222 136 -243 l39 -8 32 -314 c39 -386 38 -357 11 -365
-40 -12 -122 -73 -147 -110 -19 -28 -30 -35 -57 -35 -19 0 -34 2 -34 4 0 18
-444 1629 -457 1659 -21 48 -73 101 -126 129 -59 32 -175 32 -233 1 -97 -51
-145 -130 -151 -243 -4 -71 6 -112 190 -810 l194 -735 -56 -5 c-62 -6 -105
-28 -136 -68 -17 -23 -20 -46 -23 -164 -3 -113 -1 -143 14 -173 18 -38 85 -85
122 -85 12 0 22 -1 23 -2 1 -2 18 -367 39 -813 41 -883 38 -855 103 -924 18
-18 55 -44 82 -57 l50 -24 2025 0 2026 0 44 22 c33 17 51 35 68 68 22 43 22
51 22 405 0 354 0 362 -22 405 -15 30 -37 53 -63 67 -39 22 -49 23 -307 23
l-268 0 0 345 c0 376 -1 386 -56 436 -40 37 -85 49 -175 49 -47 0 -79 4 -79
10 0 10 445 2392 455 2437 5 22 5 22 328 25 302 3 325 4 367 24 53 24 102 72
127 123 14 28 19 66 21 170 4 154 -7 198 -67 264 -70 78 -59 77 -565 77 -436
0 -451 -1 -493 -21 -49 -24 -108 -87 -123 -133 -9 -30 -120 -617 -120 -640 0
-6 -18 10 -40 36 -44 51 -151 126 -215 152 -35 14 -44 25 -68 79 -61 139 -178
255 -325 324 l-72 34 -45 90 c-70 138 -135 201 -245 233 -70 21 -142 20 -207
-3z m220 -184 c26 -19 54 -63 101 -156 62 -121 68 -129 100 -135 67 -13 171
-74 228 -134 61 -63 97 -127 123 -214 15 -52 18 -56 52 -63 132 -25 272 -145
322 -278 19 -53 19 -54 0 -158 -11 -57 -22 -114 -24 -126 l-5 -23 -1156 0
-1155 0 7 23 c18 59 60 132 104 181 53 57 158 119 223 131 43 8 48 16 72 114
34 136 106 229 218 282 34 16 67 29 74 29 6 0 20 31 32 68 47 157 160 272 316
324 56 18 69 27 85 57 19 37 59 79 95 100 11 7 48 10 86 9 54 -3 73 -9 102
-31z m2171 -148 c26 -20 26 -22 26 -144 0 -182 52 -165 -517 -165 -438 0 -464
1 -459 18 3 9 15 73 28 142 17 96 27 130 45 148 l22 22 414 0 c404 0 415 -1
441 -21z m-818 -506 c-11 -53 -456 -2433 -456 -2438 0 -3 -36 -5 -80 -5 -57 0
-80 4 -80 12 0 11 416 2282 441 2406 l10 52 86 0 85 0 -6 -27z m-3767 -330
c24 -25 53 -123 240 -813 118 -432 216 -791 219 -797 3 -10 -24 -13 -116 -13
-106 0 -121 2 -126 18 -3 9 -91 342 -196 740 -209 796 -212 811 -161 863 41
40 101 41 140 2z m3276 -500 c-3 -21 -11 -59 -17 -85 l-10 -48 -1214 0 -1214
0 0 85 0 85 1231 0 1231 0 -7 -37z m-59 -320 c-10 -50 -236 -1280 -236 -1287
0 -3 -119 -6 -265 -6 -216 0 -272 -3 -302 -15 -50 -21 -72 -42 -94 -90 -17
-36 -19 -72 -19 -382 l0 -343 -186 0 -186 0 6 93 c3 50 11 200 16 332 6 132
13 277 16 321 l6 82 38 6 c52 8 105 59 120 116 7 27 11 88 8 151 -3 94 -6 110
-30 146 -48 73 -48 73 -472 73 -207 0 -376 4 -376 8 0 24 -78 95 -136 123 -43
21 -66 39 -69 53 -2 12 -16 143 -30 291 -14 149 -28 289 -31 313 l-6 42 1117
0 1117 0 -6 -27z m-2157 -823 c100 -51 115 -181 30 -262 -53 -51 -110 -59
-176 -27 -64 32 -93 77 -93 144 0 126 127 203 239 145z m-398 -203 c9 -34 20
-72 24 -84 l7 -23 -351 0 -351 0 0 85 0 85 328 0 327 0 16 -63z m1309 -22 l0
-85 -350 0 c-192 0 -350 1 -350 3 0 1 9 26 20 55 11 29 20 66 20 82 l0 30 330
0 330 0 0 -85z m-1085 -287 c-64 -404 -229 -738 -500 -1012 -87 -89 -162 -153
-169 -145 -2 2 -13 227 -25 499 -12 272 -24 541 -28 598 l-6 102 367 0 368 0
-7 -42z m915 15 c0 -16 -7 -202 -17 -416 l-17 -387 -42 -25 c-28 -16 -49 -39
-63 -68 -20 -41 -21 -59 -21 -385 l0 -342 -686 2 -687 3 -18 25 c-12 18 -19
51 -22 118 l-5 93 75 56 c285 214 518 529 647 875 42 112 92 310 102 401 4 34
9 65 11 70 2 4 170 7 374 7 l369 0 0 -27z m1820 -473 l0 -330 -575 0 -575 0 0
330 0 330 575 0 575 0 0 -330z m-660 -820 l0 -330 -575 0 -575 0 0 330 0 330
575 0 575 0 0 -330z m1320 0 l0 -330 -575 0 -575 0 0 330 0 330 575 0 575 0 0
-330z"/>
<path d="M2505 4591 c-105 -49 -179 -153 -187 -261 l-3 -35 79 0 79 0 14 47
c15 54 55 92 113 109 l40 12 0 79 0 78 -37 0 c-21 0 -65 -13 -98 -29z"/>
<path d="M2067 4119 c-122 -29 -230 -148 -244 -270 l-6 -49 79 0 79 0 18 49
c19 53 62 97 105 107 15 3 33 7 40 10 8 2 12 28 12 84 0 90 1 89 -83 69z"/>
<path d="M2970 4051 c0 -57 4 -83 13 -85 6 -3 24 -7 39 -10 43 -10 86 -54 105
-107 l18 -49 79 0 79 0 -6 49 c-16 135 -138 256 -279 276 l-48 7 0 -81z"/>
</g>
</svg>
