<?xml version="1.0" standalone="no"?>
<!DOCTYPE svg PUBLIC "-//W3C//DTD SVG 20010904//EN"
 "http://www.w3.org/TR/2001/REC-SVG-20010904/DTD/svg10.dtd">
<svg version="1.0" xmlns="http://www.w3.org/2000/svg"
 width="512.000000pt" height="512.000000pt" viewBox="0 0 512.000000 512.000000"
 preserveAspectRatio="xMidYMid meet">

<g transform="translate(0.000000,512.000000) scale(0.100000,-0.100000)"
fill="#000000" stroke="none">
<path d="M753 4870 c-64 -39 -67 -52 -73 -283 l-5 -210 -240 -137 c-208 -119
-243 -142 -262 -176 l-23 -39 0 -922 0 -923 -24 0 c-34 0 -88 -40 -108 -80
-17 -32 -18 -82 -18 -593 0 -618 -1 -603 64 -650 42 -30 132 -31 173 -1 64 47
63 41 63 557 l0 467 450 0 449 0 3 -474 c3 -463 3 -475 24 -503 72 -97 186
-97 258 0 21 28 21 39 24 540 l3 512 312 208 c172 114 321 220 331 234 27 36
32 111 12 154 -18 39 -69 77 -106 79 -66 5 -86 -4 -302 -148 -123 -81 -229
-151 -235 -156 -10 -6 -13 103 -13 528 l0 536 1050 0 1050 0 0 -536 c0 -425
-3 -534 -12 -528 -7 5 -113 75 -236 156 -216 144 -236 153 -302 148 -65 -5
-120 -71 -120 -145 0 -80 10 -88 350 -315 l319 -213 3 -513 c3 -502 3 -513 24
-541 72 -97 186 -97 258 0 21 28 21 40 24 503 l3 474 449 0 450 0 0 -467 c0
-516 -1 -510 63 -557 41 -30 131 -29 173 1 65 47 64 32 64 650 0 511 -1 561
-18 593 -20 40 -74 80 -108 80 l-24 0 0 923 0 922 -23 39 c-19 35 -53 57 -264
179 l-243 139 0 201 c0 184 -2 205 -20 235 -27 44 -76 72 -128 72 -54 0 -94
-20 -124 -62 -22 -31 -23 -43 -28 -243 l-5 -209 -227 -131 c-126 -71 -240
-142 -254 -156 -35 -36 -43 -82 -44 -251 l0 -148 -1050 0 -1050 0 0 148 c-1
169 -9 215 -44 251 -14 14 -128 85 -254 156 l-227 131 -5 209 c-5 200 -6 212
-28 243 -13 18 -36 39 -52 47 -41 21 -109 19 -147 -5z m302 -881 l145 -83 0
-333 0 -333 -375 0 -375 0 2 332 3 332 185 107 185 107 42 -23 c23 -13 108
-61 188 -106z m3465 -1 l145 -83 3 -333 2 -332 -375 0 -375 0 0 333 0 333 187
106 186 107 41 -24 c23 -13 106 -61 186 -107z m-3320 -1428 l0 -380 -375 0
-375 0 0 380 0 380 375 0 375 0 0 -380z m3470 0 l0 -380 -375 0 -375 0 0 380
0 380 375 0 375 0 0 -380z"/>
<path d="M695 1116 c-61 -27 -95 -85 -95 -161 0 -57 -32 -159 -68 -216 -76
-119 -198 -192 -347 -209 -59 -6 -98 -16 -114 -28 -91 -68 -92 -189 -1 -250
32 -22 42 -24 135 -19 179 8 337 79 474 214 l75 73 63 -64 c148 -150 327 -226
535 -226 55 0 131 7 171 16 144 32 293 120 393 232 l41 46 58 -62 c138 -149
330 -231 541 -232 213 0 382 68 533 217 l75 74 50 -54 c146 -155 336 -237 548
-237 215 0 392 74 541 226 l63 64 75 -73 c137 -135 295 -206 474 -214 93 -5
103 -3 135 19 91 61 90 182 -1 250 -16 12 -55 22 -112 28 -237 27 -392 185
-417 424 -8 82 -23 112 -72 149 -38 28 -105 32 -148 9 -56 -31 -72 -61 -86
-168 -21 -151 -76 -249 -185 -329 -154 -113 -373 -114 -526 -1 -110 80 -166
177 -184 317 -15 110 -25 135 -67 167 -46 35 -126 38 -168 6 -51 -38 -66 -68
-74 -150 -14 -134 -53 -216 -142 -301 -89 -84 -186 -123 -309 -123 -117 0
-219 41 -307 123 -89 85 -128 167 -142 301 -8 82 -23 112 -74 150 -42 32 -122
29 -168 -6 -42 -32 -52 -57 -67 -167 -60 -459 -662 -553 -857 -135 -14 30 -30
93 -38 148 -14 107 -30 137 -86 167 -40 22 -83 24 -125 5z"/>
</g>
</svg>
