<?xml version="1.0" standalone="no"?>
<!DOCTYPE svg PUBLIC "-//W3C//DTD SVG 20010904//EN"
 "http://www.w3.org/TR/2001/REC-SVG-20010904/DTD/svg10.dtd">
<svg version="1.0" xmlns="http://www.w3.org/2000/svg"
 width="512.000000pt" height="512.000000pt" viewBox="0 0 512.000000 512.000000"
 preserveAspectRatio="xMidYMid meet">

<g transform="translate(0.000000,512.000000) scale(0.100000,-0.100000)"
fill="#000000" stroke="none">
<path d="M497 4982 c-16 -17 -17 -133 -17 -1462 l0 -1444 518 -522 517 -521
586 -2 c443 -1 588 2 597 11 17 17 15 54 -4 72 -14 14 -79 16 -565 16 l-549 0
0 494 c0 400 -3 496 -13 505 -10 7 -161 12 -498 13 l-484 3 -3 1378 -2 1377
1385 0 1385 0 0 -1177 0 -1178 -82 80 c-46 44 -151 147 -234 228 -189 183
-240 212 -374 211 -65 0 -99 -5 -142 -23 -81 -31 -159 -106 -200 -189 -30 -61
-33 -74 -33 -162 0 -128 14 -156 210 -410 87 -113 167 -225 179 -250 19 -41
21 -70 27 -310 3 -146 11 -284 18 -307 48 -180 187 -349 354 -432 113 -56 186
-71 344 -71 121 0 133 2 143 19 14 28 13 38 -10 61 -18 18 -33 20 -136 20 -73
0 -139 6 -178 16 -203 52 -373 224 -421 425 -11 46 -15 122 -15 276 0 224 -8
290 -45 363 -13 25 -95 139 -184 255 -167 218 -191 261 -191 345 0 159 148
295 301 277 100 -12 123 -30 451 -350 172 -168 350 -343 396 -391 46 -47 89
-86 96 -86 16 0 43 21 48 40 9 26 -18 62 -121 165 l-101 100 0 1265 c0 971 -3
1269 -12 1278 -9 9 -349 12 -1468 12 -1399 0 -1458 -1 -1473 -18z m983 -3352
c0 -225 -1 -410 -3 -410 -1 0 -187 185 -412 410 l-410 410 413 0 412 0 0 -410z"/>
<path d="M1396 4314 c-19 -18 -21 -55 -4 -72 9 -9 150 -12 575 -12 l563 0 16
25 c15 23 15 27 0 50 l-16 25 -560 0 c-494 0 -560 -2 -574 -16z"/>
<path d="M1102 3918 c-19 -19 -15 -66 7 -78 13 -7 301 -10 864 -10 805 0 845
1 860 18 21 23 22 46 1 66 -14 14 -106 16 -868 16 -649 0 -855 -3 -864 -12z"/>
<path d="M1102 3538 c-15 -15 -15 -61 0 -76 9 -9 215 -12 864 -12 762 0 854 2
868 16 9 8 16 24 16 34 0 10 -7 26 -16 34 -14 14 -106 16 -868 16 -649 0 -855
-3 -864 -12z"/>
<path d="M3598 3539 c-10 -5 -18 -22 -18 -37 0 -21 47 -74 238 -267 288 -290
336 -355 397 -545 22 -69 28 -109 32 -215 4 -112 1 -156 -26 -320 -36 -221
-72 -500 -97 -740 -21 -197 -26 -727 -7 -807 l10 -48 -633 -2 c-503 -2 -636
-6 -646 -16 -19 -19 -24 -357 -5 -392 14 -28 58 -38 75 -17 7 8 12 71 14 168
l3 154 800 0 800 0 3 -154 c3 -161 8 -181 47 -181 49 0 55 22 55 216 0 140 -3
185 -14 200 -13 17 -31 19 -208 24 l-193 5 -13 95 c-18 133 -9 550 17 795 27
247 54 455 92 690 52 320 33 517 -67 718 -20 40 -53 97 -72 127 -44 67 -529
560 -551 560 -9 0 -24 -5 -33 -11z"/>
</g>
</svg>
