<?xml version="1.0" standalone="no"?>
<!DOCTYPE svg PUBLIC "-//W3C//DTD SVG 20010904//EN"
 "http://www.w3.org/TR/2001/REC-SVG-20010904/DTD/svg10.dtd">
<svg version="1.0" xmlns="http://www.w3.org/2000/svg"
 width="16.000000pt" height="16.000000pt" viewBox="0 0 16.000000 16.000000"
 preserveAspectRatio="xMidYMid meet">

<g transform="translate(0.000000,16.000000) scale(0.100000,-0.100000)"
fill="#000000" stroke="none">
<path d="M46 144 c-18 -17 -21 -60 -6 -69 15 -9 12 -25 -4 -25 -24 0 -30 -22
-11 -37 24 -17 86 -17 110 0 19 15 13 37 -11 37 -16 0 -19 16 -4 25 29 18 -2
85 -40 85 -10 0 -26 -7 -34 -16z m64 -9 c14 -17 8 -51 -15 -80 l-15 -20 -15
20 c-35 44 -26 95 15 95 10 0 23 -7 30 -15z m-19 -102 c8 14 14 15 31 6 27
-15 7 -29 -42 -29 -48 0 -69 14 -44 28 15 9 22 7 32 -6 12 -16 14 -16 23 1z"/>
<path d="M62 108 c2 -13 10 -23 18 -23 8 0 16 10 18 23 3 17 -2 22 -18 22 -16
0 -21 -5 -18 -22z m28 2 c0 -5 -4 -10 -10 -10 -5 0 -10 5 -10 10 0 6 5 10 10
10 6 0 10 -4 10 -10z"/>
</g>
</svg>
