<?xml version="1.0" standalone="no"?>
<!DOCTYPE svg PUBLIC "-//W3C//DTD SVG 20010904//EN"
 "http://www.w3.org/TR/2001/REC-SVG-20010904/DTD/svg10.dtd">
<svg version="1.0" xmlns="http://www.w3.org/2000/svg"
 width="512.000000pt" height="512.000000pt" viewBox="0 0 512.000000 512.000000"
 preserveAspectRatio="xMidYMid meet">

<g transform="translate(0.000000,512.000000) scale(0.100000,-0.100000)"
fill="#000000" stroke="none">
<path d="M894 4843 c-12 -2 -32 -15 -45 -29 -24 -25 -24 -28 -27 -269 l-3
-244 -244 -3 -245 -3 -27 -28 -28 -27 0 -1955 0 -1955 28 -27 27 -28 1590 0
1590 0 27 28 28 27 3 245 3 245 140 0 c148 0 187 9 209 49 6 12 10 117 10 269
l0 250 37 7 c69 13 197 57 268 92 111 56 207 127 302 226 416 430 409 1103
-16 1528 -156 157 -333 252 -563 303 l-28 6 0 257 0 257 -377 379 c-213 214
-392 385 -410 393 -27 12 -212 14 -1130 13 -604 -1 -1108 -4 -1119 -6z m2126
-519 l0 -336 29 -29 29 -29 336 0 336 0 0 -179 c0 -202 5 -191 -86 -191 -62 0
-196 -28 -277 -57 -284 -102 -499 -297 -627 -566 -61 -128 -87 -222 -102 -364
-33 -320 84 -647 315 -877 184 -183 405 -289 668 -318 l109 -12 0 -178 0 -178
-1370 0 -1370 0 0 1825 0 1825 1005 0 1005 0 0 -336z m590 -206 c0 -5 -92 -8
-205 -8 l-205 0 0 212 0 213 205 -205 c113 -113 205 -208 205 -212z m-2788
-1623 l3 -1615 28 -27 27 -28 1250 -3 1250 -2 0 -180 0 -180 -1460 0 -1460 0
0 1825 0 1825 180 0 180 0 2 -1615z m3078 874 c92 -14 217 -59 307 -110 108
-61 271 -224 332 -332 90 -161 127 -317 118 -507 -15 -336 -204 -621 -510
-770 -136 -66 -248 -92 -397 -92 -436 0 -804 298 -896 725 -21 96 -20 271 1
372 88 420 454 721 880 724 55 1 129 -4 165 -10z"/>
<path d="M1419 4285 c-32 -17 -54 -66 -45 -100 8 -33 40 -61 78 -69 17 -3 273
-6 570 -6 574 0 592 1 617 48 25 48 8 102 -39 127 -42 22 -1141 22 -1181 0z"/>
<path d="M1421 3736 c-53 -30 -64 -89 -25 -135 l26 -31 589 0 590 0 24 26 c33
35 33 84 1 121 l-24 28 -579 2 c-467 2 -583 0 -602 -11z"/>
<path d="M1405 3178 c-15 -14 -28 -38 -32 -60 -5 -32 -1 -41 25 -68 l30 -30
312 0 311 0 24 25 c36 35 34 88 -4 126 l-29 29 -306 0 c-302 0 -305 0 -331
-22z"/>
<path d="M1403 2626 c-22 -19 -28 -32 -28 -65 0 -37 7 -47 70 -111 l69 -69
-66 -69 c-37 -38 -70 -81 -74 -96 -15 -60 46 -124 105 -111 15 3 57 36 96 75
l69 70 71 -70 c80 -80 112 -92 162 -61 37 23 52 75 33 112 -7 13 -40 52 -73
86 l-61 62 72 75 c84 87 92 117 43 167 -51 51 -100 37 -190 -55 l-55 -55 -73
69 c-84 80 -119 90 -170 46z"/>
<path d="M1405 1898 c-15 -14 -28 -38 -32 -60 -5 -36 -2 -41 66 -111 39 -40
71 -77 71 -82 0 -5 -31 -41 -70 -81 -43 -44 -70 -80 -70 -93 0 -53 49 -101
102 -101 11 0 50 29 92 70 40 39 76 70 81 70 5 0 42 -32 82 -71 70 -68 75 -71
111 -66 65 11 100 74 71 130 -6 12 -39 50 -72 84 l-61 62 72 75 c84 87 92 117
43 167 -50 49 -80 41 -167 -43 l-75 -72 -62 61 c-92 90 -132 104 -182 61z"/>
<path d="M3343 2914 c-37 -18 -58 -62 -48 -101 4 -17 67 -89 166 -188 l159
-160 -160 -160 c-89 -88 -163 -171 -167 -184 -14 -55 54 -122 109 -107 13 3
95 77 183 166 l160 160 160 -159 c99 -99 171 -162 188 -166 60 -15 124 47 110
106 -3 13 -78 97 -167 187 l-161 162 164 164 c153 153 163 166 163 201 0 51
-36 87 -87 87 -35 0 -48 -10 -201 -163 l-164 -164 -162 161 c-94 93 -174 164
-188 167 -14 4 -39 -1 -57 -9z"/>
</g>
</svg>
