<?xml version="1.0" standalone="no"?>
<!DOCTYPE svg PUBLIC "-//W3C//DTD SVG 20010904//EN"
 "http://www.w3.org/TR/2001/REC-SVG-20010904/DTD/svg10.dtd">
<svg version="1.0" xmlns="http://www.w3.org/2000/svg"
 width="512.000000pt" height="512.000000pt" viewBox="0 0 512.000000 512.000000"
 preserveAspectRatio="xMidYMid meet">

<g transform="translate(0.000000,512.000000) scale(0.100000,-0.100000)"
fill="#000000" stroke="none">
<path d="M2270 4834 c-803 -103 -1493 -622 -1815 -1366 -136 -316 -193 -619
-182 -982 9 -322 68 -579 196 -867 297 -662 917 -1160 1626 -1304 213 -43 502
-57 713 -34 820 88 1535 620 1862 1382 243 568 241 1235 -5 1803 -328 758
-1040 1285 -1857 1373 -130 15 -408 12 -538 -5z m520 -314 c456 -57 861 -258
1181 -586 163 -168 261 -306 359 -509 337 -691 245 -1508 -237 -2105 -72 -89
-243 -257 -328 -321 -282 -216 -622 -355 -975 -399 -109 -13 -351 -13 -460 0
-352 44 -693 183 -975 399 -90 68 -269 246 -340 336 -232 297 -372 636 -416
1009 -15 126 -6 431 15 546 38 202 81 335 167 518 122 257 292 476 524 672
259 218 623 382 955 429 41 6 86 13 100 15 57 8 352 5 430 -4z"/>
<path d="M2050 3548 c-19 -13 -45 -43 -57 -68 l-23 -44 0 -876 0 -876 23 -44
c33 -66 78 -93 148 -88 65 5 109 32 133 82 14 31 16 124 16 926 0 985 3 935
-63 982 -47 34 -132 36 -177 6z"/>
<path d="M2912 3553 c-18 -9 -43 -30 -55 -47 l-22 -31 -3 -903 c-2 -820 -1
-907 14 -938 24 -50 68 -77 133 -82 66 -4 111 20 145 78 21 35 21 45 21 930 0
885 0 895 -21 930 -43 74 -134 102 -212 63z"/>
</g>
</svg>
