<?xml version="1.0" standalone="no"?>
<!DOCTYPE svg PUBLIC "-//W3C//DTD SVG 20010904//EN"
 "http://www.w3.org/TR/2001/REC-SVG-20010904/DTD/svg10.dtd">
<svg version="1.0" xmlns="http://www.w3.org/2000/svg"
 width="512.000000pt" height="512.000000pt" viewBox="0 0 512.000000 512.000000"
 preserveAspectRatio="xMidYMid meet">

<g transform="translate(0.000000,512.000000) scale(0.100000,-0.100000)"
fill="#000000" stroke="none">
<path d="M2513 4476 l-28 -24 0 -1892 0 -1892 28 -24 c35 -30 59 -30 94 0 l28
24 0 1892 0 1892 -28 24 c-15 13 -37 24 -47 24 -10 0 -32 -11 -47 -24z"/>
<path d="M4214 4319 c-16 -18 -19 -40 -22 -155 -3 -129 -4 -134 -25 -134 -12
0 -53 31 -103 80 -45 44 -89 80 -98 80 -30 0 -70 -28 -136 -94 l-64 -66 -308
0 c-288 0 -309 -1 -327 -19 -23 -23 -331 -942 -331 -988 0 -22 8 -38 26 -52
24 -19 40 -21 157 -21 l130 0 -6 -137 c-4 -75 -7 -254 -7 -399 0 -254 -1 -263
-20 -269 -37 -12 -83 -59 -106 -110 -21 -43 -24 -66 -24 -163 0 -107 1 -114
25 -137 l24 -25 961 0 c947 0 960 0 980 20 18 18 20 33 20 148 0 123 -1 129
-30 179 -20 35 -44 61 -75 78 l-45 27 0 128 c0 151 -10 174 -75 174 -64 0 -75
-24 -75 -170 l0 -124 -234 0 -234 0 -4 147 c-4 166 -15 202 -82 260 -46 42
-96 56 -172 51 -82 -5 -136 -41 -176 -117 -27 -51 -28 -59 -28 -197 l0 -144
-242 0 -241 0 6 431 c5 371 4 435 -9 460 -16 32 -32 38 -122 41 l-62 3 450
450 450 450 450 -450 450 -450 -81 -5 c-118 -7 -119 -9 -119 -215 0 -149 2
-164 21 -189 27 -34 77 -36 107 -3 20 21 22 34 22 140 l0 117 130 0 c126 0
132 1 155 25 14 13 25 32 25 42 0 32 -319 975 -336 994 -11 12 -34 19 -73 21
l-56 3 -5 138 c-4 122 -7 140 -24 153 -16 11 -61 14 -206 14 -177 0 -188 -1
-206 -21z m286 -209 l0 -81 -77 3 -78 3 -3 78 -3 77 81 0 80 0 0 -80z m-1165
-510 c-153 -153 -280 -278 -282 -277 -1 2 39 128 90 280 l92 277 190 0 190 0
-280 -280z m1441 -4 c52 -154 92 -281 91 -282 -2 -2 -131 125 -287 282 l-285
284 194 -2 194 -3 93 -279z m-757 -1142 c19 -24 21 -40 21 -155 l0 -129 -80 0
-80 0 0 132 c0 121 2 134 22 155 31 33 90 32 117 -3z m765 -455 c23 -18 26
-28 26 -80 l0 -59 -855 0 -855 0 0 55 c0 46 4 60 25 80 l24 25 804 0 c799 0
804 0 831 -21z"/>
<path d="M963 4018 c-150 -149 -173 -176 -173 -203 0 -39 36 -75 75 -75 23 0
53 25 162 132 l133 132 450 -449 450 -450 -80 -5 c-125 -8 -115 35 -118 -485
l-3 -445 -234 0 -235 0 0 210 c0 197 -1 211 -20 230 -19 19 -33 20 -209 20
l-190 0 -20 -26 c-20 -25 -21 -39 -21 -230 l0 -204 -235 0 -235 0 0 440 0 441
-25 24 c-21 22 -33 25 -102 25 l-77 0 217 218 c187 188 217 222 217 248 0 39
-36 74 -76 74 -25 0 -70 -41 -322 -293 -317 -318 -319 -321 -267 -372 23 -24
29 -25 155 -25 l130 0 0 -393 0 -394 -48 -31 c-32 -20 -57 -48 -75 -80 -25
-47 -27 -58 -27 -176 0 -177 -18 -166 263 -166 221 0 224 0 245 23 29 31 28
72 -3 102 -24 25 -27 25 -190 25 l-165 0 0 59 c0 52 3 62 26 80 27 21 32 21
831 21 l804 0 24 -25 c21 -20 25 -34 25 -79 l0 -56 -546 -2 -546 -3 -19 -24
c-26 -32 -24 -67 6 -96 l24 -25 591 0 591 0 25 26 c26 25 26 27 22 147 -5 156
-31 212 -120 258 l-38 19 0 395 0 395 129 0 c115 0 131 2 155 21 19 15 26 29
26 57 0 33 -13 48 -155 192 l-155 156 0 307 c0 294 -1 308 -20 327 -19 19 -33
20 -204 20 -229 0 -229 0 -234 -115 l-4 -77 -167 165 c-164 163 -193 187 -227
187 -10 0 -96 -77 -191 -172z m897 -315 l0 -178 -80 80 -80 80 0 97 0 98 80 0
80 0 0 -177z m-620 -1378 l0 -155 -80 0 -80 0 0 155 0 155 80 0 80 0 0 -155z"/>
<path d="M881 3391 c-29 -29 -32 -64 -29 -317 3 -212 5 -234 22 -253 19 -20
27 -21 286 -21 266 0 267 0 288 23 21 23 22 30 22 279 0 243 -1 257 -21 282
l-20 26 -265 0 c-248 0 -265 -1 -283 -19z m439 -286 l0 -155 -160 0 -160 0 0
155 0 155 160 0 160 0 0 -155z"/>
<path d="M3857 3395 c-134 -51 -218 -185 -204 -322 12 -113 77 -201 185 -251
47 -21 65 -24 136 -20 94 5 143 27 208 95 138 142 94 389 -86 480 -63 32 -179
41 -239 18z m191 -162 c122 -91 61 -283 -91 -283 -62 0 -105 25 -136 80 -41
74 -18 155 60 208 28 20 43 23 87 20 32 -3 64 -13 80 -25z"/>
<path d="M1118 1530 c-16 -12 -28 -34 -32 -59 -7 -46 -44 -81 -87 -81 -28 0
-69 -39 -69 -66 0 -55 50 -88 116 -78 l44 6 0 -161 0 -161 -45 0 c-55 0 -90
-15 -104 -47 -16 -34 -14 -47 10 -77 l20 -26 190 0 c176 0 190 1 209 20 25 25
26 71 2 100 -14 18 -32 24 -75 28 l-57 4 0 274 c0 289 -3 313 -47 333 -34 15
-47 14 -75 -9z"/>
<path d="M3888 1536 c-84 -30 -142 -96 -154 -173 -8 -57 4 -93 37 -112 48 -27
109 18 109 78 0 28 31 60 65 67 67 13 112 -66 80 -142 -21 -51 -41 -72 -98
-101 -113 -57 -186 -158 -195 -269 -4 -53 -2 -64 17 -83 20 -20 31 -21 210
-21 l190 0 20 26 c24 30 26 43 10 77 -17 38 -50 47 -169 47 -61 0 -110 4 -110
8 0 15 54 59 98 82 136 68 214 218 182 350 -17 72 -84 145 -153 165 -61 18
-90 18 -139 1z"/>
</g>
</svg>
