<?xml version="1.0" standalone="no"?>
<!DOCTYPE svg PUBLIC "-//W3C//DTD SVG 20010904//EN"
 "http://www.w3.org/TR/2001/REC-SVG-20010904/DTD/svg10.dtd">
<svg version="1.0" xmlns="http://www.w3.org/2000/svg"
 width="512.000000pt" height="512.000000pt" viewBox="0 0 512.000000 512.000000"
 preserveAspectRatio="xMidYMid meet">

<g transform="translate(0.000000,512.000000) scale(0.100000,-0.100000)"
fill="#000000" stroke="none">
<path d="M393 5096 c-150 -37 -282 -143 -350 -282 l-38 -79 0 -1655 0 -1655
37 -79 c67 -139 205 -252 348 -285 29 -7 300 -11 743 -11 l697 0 0 -170 0
-170 -303 0 -303 0 -55 -27 c-60 -31 -112 -92 -129 -151 -5 -20 -10 -122 -10
-225 0 -206 4 -223 60 -271 l32 -26 1407 0 1408 0 34 23 c62 41 69 69 69 272
0 99 -5 197 -10 217 -18 65 -70 130 -129 160 l-53 28 -304 0 -304 0 0 170 0
170 743 2 743 3 80 39 c99 49 197 144 243 234 64 127 61 33 61 1749 0 1095 -3
1578 -11 1615 -41 198 -209 366 -407 407 -36 7 -311 11 -851 11 -792 0 -798 0
-825 -21 -36 -28 -36 -80 0 -108 27 -21 33 -21 826 -21 782 0 800 0 860 -21
118 -39 198 -119 237 -236 21 -62 21 -68 21 -1488 l0 -1425 -65 0 -65 0 0 309
c0 280 -2 315 -20 373 -24 79 -80 147 -157 190 l-53 30 0 153 c0 220 -24 310
-110 408 l-40 45 0 519 c0 583 1 575 -72 658 -22 25 -64 58 -92 73 l-51 27
-1690 0 -1690 0 -46 -23 c-63 -31 -117 -86 -148 -152 l-26 -55 -3 -1277 -3
-1278 -244 0 -245 0 0 1425 c0 1420 0 1426 21 1488 39 117 119 197 237 236 61
21 74 21 1200 21 1132 0 1138 0 1160 20 14 14 22 33 22 55 0 22 -8 41 -22 55
-22 20 -28 20 -1167 19 -888 -1 -1158 -4 -1198 -13z m3827 -684 c19 -9 45 -32
57 -51 22 -32 23 -44 23 -203 l0 -168 -1757 2 -1758 3 -3 120 c-4 163 3 218
36 256 51 62 -60 58 1727 59 1542 0 1642 -1 1675 -18z m80 -798 c0 -207 -1
-226 -17 -220 -28 11 -164 28 -179 22 -11 -4 -14 6 -14 47 0 66 -28 127 -71
158 l-34 24 -1442 0 c-1440 0 -1442 0 -1469 -21 -68 -50 -69 -55 -69 -282 0
-202 1 -208 24 -241 13 -18 42 -42 65 -52 39 -18 94 -19 1310 -19 l1268 0 -6
-22 c-3 -13 -6 -91 -6 -173 l0 -151 -34 -12 c-89 -32 -174 -149 -183 -251 -5
-54 -4 -59 22 -79 15 -12 35 -22 45 -22 32 0 67 38 79 86 16 62 36 90 86 120
l43 25 424 -3 425 -3 37 -29 c75 -57 77 -72 74 -449 l-3 -334 -28 -41 c-15
-23 -45 -51 -67 -62 -37 -19 -58 -20 -444 -20 -262 0 -415 4 -433 11 -15 5
-41 22 -56 37 -56 53 -61 73 -65 260 -4 170 -4 172 -29 192 -34 26 -56 25 -90
-4 -28 -24 -28 -24 -31 -170 l-3 -146 -1325 0 -1324 0 0 1025 0 1025 1760 0
1760 0 0 -226z m-360 -173 l0 -59 -45 -27 c-62 -36 -110 -80 -146 -132 l-30
-43 -1284 0 -1285 0 0 160 0 160 1395 0 1395 0 0 -59z m312 -197 c63 -21 131
-83 165 -152 27 -54 28 -65 31 -225 l4 -168 -64 3 -63 3 -5 157 c-5 146 -7
159 -29 190 -60 81 -151 108 -236 69 -94 -43 -115 -95 -115 -281 l0 -141 -62
3 -63 3 0 160 c0 151 2 163 26 215 35 74 67 111 128 143 88 48 178 55 283 21z
m-94 -266 c8 -8 12 -55 12 -145 l0 -133 -40 0 -40 0 0 133 c0 136 5 157 40
157 9 0 21 -5 28 -12z m-662 -1378 c29 -44 67 -76 134 -111 l45 -24 434 -3
c478 -3 498 -1 580 58 23 17 56 51 73 75 l32 45 84 0 85 0 -5 -82 c-10 -148
-81 -259 -206 -320 l-67 -33 -2135 0 -2135 0 -67 33 c-125 61 -196 172 -206
320 l-5 82 1666 0 1667 0 26 -40z m-411 -720 l0 -165 -552 -3 -553 -2 0 170 0
170 553 -2 552 -3 0 -165z m764 -341 c36 -34 41 -62 41 -225 l0 -154 -1355 0
-1355 0 0 160 c0 168 8 206 47 229 12 7 451 10 1309 11 l1290 0 23 -21z"/>
<path d="M1113 2653 c-50 -10 -70 -86 -33 -123 17 -17 33 -20 124 -20 101 0
105 1 125 26 27 35 26 57 -3 91 -23 26 -30 28 -108 30 -45 0 -93 -1 -105 -4z"/>
<path d="M1594 2650 c-26 -10 -54 -48 -54 -71 0 -9 9 -28 21 -43 l20 -26 808
0 c797 0 808 0 826 20 25 28 23 76 -4 103 l-22 22 -787 2 c-433 1 -797 -2
-808 -7z"/>
<path d="M4037 2456 c-94 -35 -167 -125 -182 -226 -9 -64 10 -136 53 -199 34
-50 37 -61 42 -145 6 -106 23 -145 80 -182 77 -51 178 -38 239 31 37 42 51 90
51 173 0 56 5 72 35 121 60 97 70 170 35 263 -22 58 -82 124 -140 154 -46 23
-163 29 -213 10z m153 -149 c13 -7 35 -28 48 -47 31 -45 26 -105 -12 -155 -43
-55 -56 -98 -56 -178 0 -84 -16 -120 -47 -101 -14 9 -19 29 -25 96 -7 90 -21
133 -62 187 -34 46 -41 89 -22 134 27 65 113 96 176 64z"/>
<path d="M1086 2329 c-36 -28 -36 -80 0 -108 27 -21 30 -21 1060 -21 568 0
1040 3 1049 6 8 4 23 20 31 36 13 25 13 35 3 59 -6 17 -20 34 -30 39 -11 6
-409 10 -1052 10 -1031 0 -1034 0 -1061 -21z"/>
</g>
</svg>
